    [38;2;0;0;0m██[38;2;0;0;0m██                                [38;2;0;0;0m██[38;2;0;0;0m██        
  [38;2;0;0;0m██[38;2;206;149;64m██[38;2;206;149;64m██[38;2;0;0;0m██[38;2;0;0;0m██[38;2;0;0;0m██[38;2;0;0;0m██                    [38;2;0;0;0m██[38;2;0;0;0m██[38;2;206;149;64m██[38;2;206;149;64m██[38;2;0;0;0m██      
  [38;2;0;0;0m██[38;2;65;65;65m██[38;2;206;149;64m██[38;2;206;149;64m██[38;2;131;81;16m██[38;2;159;105;33m██[38;2;159;105;33m██[38;2;0;0;0m██                [38;2;0;0;0m██[38;2;65;65;65m██[38;2;206;149;64m██[38;2;206;149;64m██[38;2;131;81;16m██[38;2;65;65;65m██[38;2;0;0;0m██    
[38;2;0;0;0m██[38;2;159;105;33m██[38;2;159;105;33m██[38;2;65;65;65m██[38;2;65;65;65m██[38;2;131;81;16m██[38;2;131;81;16m██[38;2;159;105;33m██[38;2;159;105;33m██[38;2;0;0;0m██            [38;2;0;0;0m██[38;2;206;149;64m██[38;2;65;65;65m██[38;2;131;81;16m██[38;2;131;81;16m██[38;2;65;65;65m██[38;2;206;149;64m██[38;2;206;149;64m██[38;2;0;0;0m██  
[38;2;0;0;0m██[38;2;0;0;0m██[38;2;0;0;0m██[38;2;159;105;33m██[38;2;131;81;16m██[38;2;206;149;64m██[38;2;206;149;64m██[38;2;131;81;16m██[38;2;159;105;33m██[38;2;0;0;0m██  [38;2;0;0;0m██[38;2;0;0;0m██[38;2;0;0;0m██    [38;2;0;0;0m██[38;2;206;149;64m██[38;2;206;149;64m██[38;2;65;65;65m██[38;2;65;65;65m██[38;2;206;149;64m██[38;2;206;149;64m██[38;2;65;65;65m██[38;2;0;0;0m██  
    [38;2;0;0;0m██[38;2;65;65;65m██[38;2;206;149;64m██[38;2;206;149;64m██[38;2;65;65;65m██[38;2;131;81;16m██[38;2;159;105;33m██[38;2;159;105;33m██[38;2;0;0;0m██[38;2;206;149;64m██[38;2;206;149;64m██[38;2;206;149;64m██[38;2;0;0;0m██[38;2;0;0;0m██[38;2;65;65;65m██[38;2;65;65;65m██[38;2;206;149;64m██[38;2;131;81;16m██[38;2;206;149;64m██[38;2;65;65;65m██[38;2;65;65;65m██[38;2;206;149;64m██[38;2;206;149;64m██[38;2;0;0;0m██
      [38;2;0;0;0m██[38;2;0;0;0m██[38;2;65;65;65m██[38;2;131;81;16m██[38;2;159;105;33m██[38;2;159;105;33m██[38;2;131;81;16m██[38;2;206;149;64m██[38;2;206;149;64m██[38;2;206;149;64m██[38;2;159;105;33m██[38;2;159;105;33m██[38;2;206;149;64m██[38;2;131;81;16m██[38;2;65;65;65m██[38;2;0;0;0m██[38;2;206;149;64m██[38;2;206;149;64m██[38;2;206;149;64m██[38;2;206;149;64m██[38;2;206;149;64m██[38;2;159;105;33m██[38;2;0;0;0m██
          [38;2;0;0;0m██[38;2;159;105;33m██[38;2;65;65;65m██[38;2;131;81;16m██[38;2;206;149;64m██[38;2;206;149;64m██[38;2;206;149;64m██[38;2;159;105;33m██[38;2;206;149;64m██[38;2;206;149;64m██[38;2;159;105;33m██[38;2;206;149;64m██[38;2;0;0;0m██  [38;2;0;0;0m██[38;2;159;105;33m██[38;2;206;149;64m██[38;2;206;149;64m██[38;2;159;105;33m██[38;2;206;149;64m██[38;2;0;0;0m██
            [38;2;0;0;0m██[38;2;206;149;64m██[38;2;65;65;65m██[38;2;206;149;64m██[38;2;65;65;65m██[38;2;65;65;65m██[38;2;206;149;64m██[38;2;65;65;65m██[38;2;65;65;65m██[38;2;206;149;64m██[38;2;206;149;64m██[38;2;206;149;64m██[38;2;0;0;0m██[38;2;0;0;0m██[38;2;206;149;64m██[38;2;159;105;33m██[38;2;206;149;64m██[38;2;159;105;33m██[38;2;0;0;0m██  
          [38;2;0;0;0m██[38;2;65;65;65m██[38;2;206;149;64m██[38;2;65;65;65m██[38;2;65;65;65m██[38;2;206;149;64m██[38;2;65;65;65m██[38;2;65;65;65m██[38;2;206;149;64m██[38;2;65;65;65m██[38;2;206;149;64m██[38;2;206;149;64m██[38;2;206;149;64m██[38;2;159;105;33m██[38;2;65;65;65m██[38;2;206;149;64m██[38;2;159;105;33m██[38;2;206;149;64m██[38;2;206;149;64m██[38;2;0;0;0m██  
          [38;2;0;0;0m██[38;2;255;255;255m██[38;2;159;105;33m██[38;2;206;149;64m██[38;2;206;149;64m██[38;2;206;149;64m██[38;2;159;105;33m██[38;2;206;149;64m██[38;2;206;149;64m██[38;2;65;65;65m██[38;2;65;65;65m██[38;2;65;65;65m██[38;2;206;149;64m██[38;2;65;65;65m██[38;2;159;105;33m██[38;2;159;105;33m██[38;2;206;149;64m██[38;2;206;149;64m██[38;2;0;0;0m██    
        [38;2;0;0;0m██[38;2;206;149;64m██[38;2;255;255;255m██[38;2;0;0;0m██[38;2;206;149;64m██[38;2;159;105;33m██[38;2;206;149;64m██[38;2;206;149;64m██[38;2;206;149;64m██[38;2;206;149;64m██[38;2;206;149;64m██[38;2;206;149;64m██[38;2;65;65;65m██[38;2;206;149;64m██[38;2;206;149;64m██[38;2;206;149;64m██[38;2;206;149;64m██[38;2;206;149;64m██[38;2;0;0;0m██      
        [38;2;0;0;0m██[38;2;206;149;64m██[38;2;159;105;33m██[38;2;159;105;33m██[38;2;206;149;64m██[38;2;131;81;16m██[38;2;206;149;64m██[38;2;65;65;65m██[38;2;0;0;0m██[38;2;255;255;255m██[38;2;131;81;16m██[38;2;65;65;65m██[38;2;206;149;64m██[38;2;206;149;64m██[38;2;131;81;16m██[38;2;206;149;64m██[38;2;65;65;65m██[38;2;65;65;65m██[38;2;0;0;0m██      
          [38;2;0;0;0m██[38;2;206;149;64m██[38;2;206;149;64m██[38;2;206;149;64m██[38;2;131;81;16m██[38;2;131;81;16m██[38;2;255;255;255m██[38;2;65;65;65m██[38;2;255;255;255m██[38;2;131;81;16m██[38;2;159;105;33m██[38;2;206;149;64m██[38;2;131;81;16m██[38;2;159;105;33m██[38;2;65;65;65m██[38;2;159;105;33m██[38;2;0;0;0m██        
        [38;2;0;0;0m██[38;2;65;65;65m██[38;2;65;65;65m██[38;2;206;149;64m██[38;2;206;149;64m██[38;2;206;149;64m██[38;2;206;149;64m██[38;2;206;149;64m██[38;2;206;149;64m██[38;2;206;149;64m██[38;2;159;105;33m██[38;2;65;65;65m██[38;2;159;105;33m██[38;2;131;81;16m██[38;2;159;105;33m██[38;2;131;81;16m██[38;2;159;105;33m██[38;2;0;0;0m██        
        [38;2;0;0;0m██[38;2;159;105;33m██[38;2;65;65;65m██[38;2;65;65;65m██[38;2;65;65;65m██[38;2;65;65;65m██[38;2;65;65;65m██[38;2;206;149;64m██[38;2;206;149;64m██[38;2;65;65;65m██[38;2;65;65;65m██[38;2;131;81;16m██[38;2;159;105;33m██[38;2;159;105;33m██[38;2;131;81;16m██[38;2;159;105;33m██[38;2;0;0;0m██          
          [38;2;0;0;0m██[38;2;206;149;64m██[38;2;206;149;64m██[38;2;65;65;65m██[38;2;159;105;33m██[38;2;159;105;33m██[38;2;65;65;65m██[38;2;65;65;65m██[38;2;65;65;65m██[38;2;206;149;64m██[38;2;159;105;33m██[38;2;159;105;33m██[38;2;65;65;65m██[38;2;159;105;33m██[38;2;0;0;0m██            
          [38;2;0;0;0m██[38;2;131;81;16m██[38;2;131;81;16m██[38;2;65;65;65m██[38;2;159;105;33m██[38;2;65;65;65m██[38;2;206;149;64m██[38;2;206;149;64m██[38;2;206;149;64m██[38;2;131;81;16m██[38;2;159;105;33m██[38;2;159;105;33m██[38;2;65;65;65m██[38;2;159;105;33m██[38;2;0;0;0m██            
            [38;2;0;0;0m██[38;2;206;149;64m██[38;2;206;149;64m██[38;2;65;65;65m██[38;2;65;65;65m██[38;2;131;81;16m██[38;2;131;81;16m██[38;2;131;81;16m██[38;2;206;149;64m██[38;2;159;105;33m██[38;2;65;65;65m██[38;2;159;105;33m██[38;2;65;65;65m██[38;2;131;81;16m██[38;2;0;0;0m██          
              [38;2;0;0;0m██[38;2;0;0;0m██[38;2;131;81;16m██[38;2;131;81;16m██[38;2;0;0;0m██[38;2;206;149;64m██[38;2;206;149;64m██[38;2;65;65;65m██[38;2;65;65;65m██[38;2;65;65;65m██[38;2;65;65;65m██[38;2;65;65;65m██[38;2;131;81;16m██[38;2;0;0;0m██          
                  [38;2;0;0;0m██[38;2;0;0;0m██  [38;2;0;0;0m██[38;2;0;0;0m██[38;2;0;0;0m██[38;2;131;81;16m██[38;2;65;65;65m██[38;2;131;81;16m██[38;2;65;65;65m██[38;2;0;0;0m██            
                              [38;2;0;0;0m██[38;2;0;0;0m██[38;2;0;0;0m██[38;2;0;0;0m██              
[0mThese sprites are deprecated, please update pokeget as soon as possible.
