                        [38;2;0;0;0m██[38;2;0;0;0m██[38;2;0;0;0m██    
                    [38;2;0;0;0m██[38;2;0;0;0m██[38;2;247;230;41m██[38;2;247;230;41m██[38;2;0;0;0m██    
                  [38;2;0;0;0m██[38;2;247;230;41m██[38;2;247;230;41m██[38;2;247;230;41m██[38;2;0;0;0m██      
                [38;2;0;0;0m██[38;2;247;230;41m██[38;2;247;230;41m██[38;2;247;230;41m██[38;2;0;0;0m██        
            [38;2;0;0;0m██[38;2;0;0;0m██[38;2;247;230;41m██[38;2;197;173;107m██[38;2;65;65;65m██[38;2;0;0;0m██          
        [38;2;0;0;0m██[38;2;0;0;0m██[38;2;148;206;140m██[38;2;65;65;65m██[38;2;65;65;65m██[38;2;65;65;65m██[38;2;148;206;140m██[38;2;0;0;0m██[38;2;0;0;0m██        
      [38;2;0;0;0m██[38;2;148;206;140m██[38;2;148;206;140m██[38;2;148;206;140m██[38;2;148;206;140m██[38;2;148;206;140m██[38;2;148;206;140m██[38;2;148;206;140m██[38;2;148;206;140m██[38;2;148;206;140m██[38;2;0;0;0m██      
    [38;2;0;0;0m██[38;2;148;206;140m██[38;2;148;206;140m██[38;2;148;206;140m██[38;2;148;206;140m██[38;2;148;206;140m██[38;2;148;206;140m██[38;2;148;206;140m██[38;2;148;206;140m██[38;2;148;206;140m██[38;2;148;206;140m██[38;2;148;206;140m██[38;2;0;0;0m██    
  [38;2;0;0;0m██[38;2;107;156;107m██[38;2;65;65;65m██[38;2;65;65;65m██[38;2;148;206;140m██[38;2;148;206;140m██[38;2;148;206;140m██[38;2;148;206;140m██[38;2;148;206;140m██[38;2;148;206;140m██[38;2;148;206;140m██[38;2;148;206;140m██[38;2;148;206;140m██[38;2;0;0;0m██    
  [38;2;0;0;0m██[38;2;65;65;65m██[38;2;148;206;140m██[38;2;148;206;140m██[38;2;107;156;107m██[38;2;148;206;140m██[38;2;0;0;0m██[38;2;148;206;140m██[38;2;148;206;140m██[38;2;148;206;140m██[38;2;148;206;140m██[38;2;148;206;140m██[38;2;148;206;140m██[38;2;148;206;140m██[38;2;0;0;0m██  
[38;2;0;0;0m██[38;2;107;156;107m██[38;2;65;65;65m██[38;2;107;156;107m██[38;2;148;206;140m██[38;2;148;206;140m██[38;2;148;206;140m██[38;2;148;206;140m██[38;2;0;0;0m██[38;2;148;206;140m██[38;2;148;206;140m██[38;2;148;206;140m██[38;2;148;206;140m██[38;2;148;206;140m██[38;2;148;206;140m██[38;2;107;156;107m██[38;2;0;0;0m██
[38;2;0;0;0m██[38;2;107;156;107m██[38;2;107;156;107m██[38;2;65;65;65m██[38;2;107;156;107m██[38;2;148;206;140m██[38;2;148;206;140m██[38;2;148;206;140m██[38;2;148;206;140m██[38;2;148;206;140m██[38;2;148;206;140m██[38;2;148;206;140m██[38;2;148;206;140m██[38;2;148;206;140m██[38;2;107;156;107m██[38;2;107;156;107m██[38;2;0;0;0m██
[38;2;0;0;0m██[38;2;107;156;107m██[38;2;65;65;65m██[38;2;148;206;140m██[38;2;148;206;140m██[38;2;148;206;140m██[38;2;148;206;140m██[38;2;148;206;140m██[38;2;148;206;140m██[38;2;148;206;140m██[38;2;148;206;140m██[38;2;148;206;140m██[38;2;65;65;65m██[38;2;107;156;107m██[38;2;107;156;107m██[38;2;0;0;0m██  
  [38;2;0;0;0m██[38;2;107;156;107m██[38;2;65;65;65m██[38;2;65;65;65m██[38;2;148;206;140m██[38;2;148;206;140m██[38;2;148;206;140m██[38;2;65;65;65m██[38;2;148;206;140m██[38;2;65;65;65m██[38;2;148;206;140m██[38;2;148;206;140m██[38;2;65;65;65m██[38;2;0;0;0m██    
    [38;2;0;0;0m██[38;2;107;156;107m██[38;2;107;156;107m██[38;2;107;156;107m██[38;2;107;156;107m██[38;2;107;156;107m██[38;2;65;65;65m██[38;2;148;206;140m██[38;2;148;206;140m██[38;2;65;65;65m██[38;2;107;156;107m██[38;2;0;0;0m██      
      [38;2;0;0;0m██[38;2;0;0;0m██[38;2;107;156;107m██[38;2;107;156;107m██[38;2;107;156;107m██[38;2;107;156;107m██[38;2;65;65;65m██[38;2;107;156;107m██[38;2;0;0;0m██[38;2;0;0;0m██        
          [38;2;0;0;0m██[38;2;0;0;0m██[38;2;0;0;0m██[38;2;0;0;0m██[38;2;0;0;0m██[38;2;0;0;0m██            
[0mThese sprites are deprecated, please update pokeget as soon as possible.
