            [38;2;0;0;0m██[38;2;0;0;0m██[38;2;0;0;0m██[38;2;0;0;0m██[38;2;0;0;0m██              
        [38;2;0;0;0m██[38;2;0;0;0m██[38;2;135;163;117m██[38;2;193;219;174m██[38;2;193;219;174m██[38;2;83;116;94m██[38;2;83;116;94m██[38;2;0;0;0m██[38;2;0;0;0m██          
      [38;2;0;0;0m██[38;2;83;116;94m██[38;2;193;219;174m██[38;2;193;219;174m██[38;2;83;116;94m██[38;2;83;116;94m██[38;2;83;116;94m██[38;2;83;116;94m██[38;2;83;116;94m██[38;2;83;116;94m██[38;2;0;0;0m██        
    [38;2;0;0;0m██[38;2;83;116;94m██[38;2;193;219;174m██[38;2;193;219;174m██[38;2;83;116;94m██[38;2;83;116;94m██[38;2;83;116;94m██[38;2;193;219;174m██[38;2;193;219;174m██[38;2;193;219;174m██[38;2;135;163;117m██[38;2;135;163;117m██[38;2;0;0;0m██      
  [38;2;0;0;0m██[38;2;193;219;174m██[38;2;83;116;94m██[38;2;193;219;174m██[38;2;83;116;94m██[38;2;83;116;94m██[38;2;193;219;174m██[38;2;193;219;174m██[38;2;193;219;174m██[38;2;193;219;174m██[38;2;193;219;174m██[38;2;193;219;174m██[38;2;83;116;94m██[38;2;0;0;0m██      
  [38;2;0;0;0m██[38;2;193;219;174m██[38;2;193;219;174m██[38;2;193;219;174m██[38;2;83;116;94m██[38;2;193;219;174m██[38;2;193;219;174m██[38;2;193;219;174m██[38;2;193;219;174m██[38;2;193;219;174m██[38;2;193;219;174m██[38;2;83;116;94m██[38;2;83;116;94m██[38;2;83;116;94m██[38;2;0;0;0m██    
[38;2;0;0;0m██[38;2;65;65;65m██[38;2;65;65;65m██[38;2;193;219;174m██[38;2;193;219;174m██[38;2;193;219;174m██[38;2;193;219;174m██[38;2;193;219;174m██[38;2;193;219;174m██[38;2;193;219;174m██[38;2;83;116;94m██[38;2;83;116;94m██[38;2;83;116;94m██[38;2;193;219;174m██[38;2;193;219;174m██[38;2;0;0;0m██    
[38;2;0;0;0m██[38;2;135;163;117m██[38;2;193;219;174m██[38;2;193;219;174m██[38;2;193;219;174m██[38;2;193;219;174m██[38;2;193;219;174m██[38;2;193;219;174m██[38;2;193;219;174m██[38;2;83;116;94m██[38;2;83;116;94m██[38;2;193;219;174m██[38;2;193;219;174m██[38;2;193;219;174m██[38;2;83;116;94m██[38;2;83;116;94m██[38;2;0;0;0m██  
[38;2;0;0;0m██[38;2;244;170;91m██[38;2;201;106;26m██[38;2;193;219;174m██[38;2;193;219;174m██[38;2;65;65;65m██[38;2;193;219;174m██[38;2;193;219;174m██[38;2;193;219;174m██[38;2;193;219;174m██[38;2;193;219;174m██[38;2;193;219;174m██[38;2;83;116;94m██[38;2;83;116;94m██[38;2;83;116;94m██[38;2;135;163;117m██[38;2;193;219;174m██[38;2;0;0;0m██
[38;2;0;0;0m██[38;2;201;106;26m██[38;2;244;170;91m██[38;2;201;106;26m██[38;2;193;219;174m██[38;2;193;219;174m██[38;2;65;65;65m██[38;2;65;65;65m██[38;2;193;219;174m██[38;2;193;219;174m██[38;2;193;219;174m██[38;2;83;116;94m██[38;2;83;116;94m██[38;2;193;219;174m██[38;2;193;219;174m██[38;2;65;65;65m██[38;2;0;0;0m██  
  [38;2;0;0;0m██[38;2;201;106;26m██[38;2;201;106;26m██[38;2;135;163;117m██[38;2;135;163;117m██[38;2;193;219;174m██[38;2;193;219;174m██[38;2;193;219;174m██[38;2;193;219;174m██[38;2;193;219;174m██[38;2;193;219;174m██[38;2;135;163;117m██[38;2;65;65;65m██[38;2;0;0;0m██[38;2;0;0;0m██    
    [38;2;0;0;0m██[38;2;0;0;0m██[38;2;0;0;0m██[38;2;135;163;117m██[38;2;135;163;117m██[38;2;135;163;117m██[38;2;135;163;117m██[38;2;135;163;117m██[38;2;0;0;0m██[38;2;0;0;0m██[38;2;0;0;0m██[38;2;0;0;0m██        
          [38;2;0;0;0m██[38;2;0;0;0m██[38;2;0;0;0m██[38;2;0;0;0m██[38;2;0;0;0m██                
[0mThese sprites are deprecated, please update pokeget as soon as possible.
