                          [38;2;0;0;0m██[38;2;0;0;0m██                  
                        [38;2;0;0;0m██[38;2;173;181;189m██[38;2;115;132;140m██[38;2;0;0;0m██                
                  [38;2;0;0;0m██[38;2;0;0;0m██  [38;2;0;0;0m██[38;2;173;181;189m██[38;2;115;132;140m██[38;2;0;0;0m██                
                  [38;2;0;0;0m██[38;2;173;181;189m██[38;2;0;0;0m██[38;2;115;132;140m██[38;2;173;181;189m██[38;2;115;132;140m██[38;2;115;132;140m██[38;2;0;0;0m██              
                  [38;2;0;0;0m██[38;2;173;181;189m██[38;2;115;132;140m██[38;2;173;181;189m██[38;2;115;132;140m██[38;2;115;132;140m██[38;2;115;132;140m██[38;2;115;132;140m██[38;2;0;0;0m██[38;2;0;0;0m██          
                  [38;2;0;0;0m██[38;2;173;181;189m██[38;2;115;132;140m██[38;2;115;132;140m██[38;2;115;132;140m██[38;2;65;65;65m██[38;2;65;65;65m██[38;2;65;65;65m██[38;2;65;65;65m██[38;2;115;132;140m██[38;2;0;0;0m██[38;2;0;0;0m██      
        [38;2;0;0;0m██[38;2;0;0;0m██    [38;2;0;0;0m██[38;2;173;181;189m██[38;2;173;181;189m██[38;2;115;132;140m██[38;2;115;132;140m██[38;2;65;65;65m██[38;2;65;65;65m██[38;2;173;181;189m██[38;2;115;132;140m██[38;2;115;132;140m██[38;2;65;65;65m██[38;2;65;65;65m██[38;2;115;132;140m██[38;2;0;0;0m██    
      [38;2;0;0;0m██[38;2;173;181;189m██[38;2;173;181;189m██[38;2;0;0;0m██[38;2;0;0;0m██[38;2;0;0;0m██[38;2;173;181;189m██[38;2;115;132;140m██[38;2;65;65;65m██[38;2;65;65;65m██[38;2;65;65;65m██[38;2;173;181;189m██[38;2;173;181;189m██[38;2;173;181;189m██[38;2;65;65;65m██[38;2;65;65;65m██[38;2;115;132;140m██[38;2;65;65;65m██[38;2;115;132;140m██[38;2;0;0;0m██  
      [38;2;0;0;0m██[38;2;173;181;189m██[38;2;173;181;189m██[38;2;115;132;140m██[38;2;65;65;65m██[38;2;173;181;189m██[38;2;173;181;189m██[38;2;65;65;65m██[38;2;173;181;189m██[38;2;173;181;189m██[38;2;115;132;140m██[38;2;65;65;65m██[38;2;173;181;189m██[38;2;65;65;65m██[38;2;65;65;65m██[38;2;115;132;140m██[38;2;115;132;140m██[38;2;115;132;140m██[38;2;0;0;0m██[38;2;0;0;0m██  
      [38;2;0;0;0m██[38;2;173;181;189m██[38;2;173;181;189m██[38;2;65;65;65m██[38;2;115;132;140m██[38;2;65;65;65m██[38;2;65;65;65m██[38;2;115;132;140m██[38;2;173;181;189m██[38;2;65;65;65m██[38;2;173;181;189m██[38;2;65;65;65m██[38;2;65;65;65m██[38;2;115;132;140m██[38;2;115;132;140m██[38;2;115;132;140m██[38;2;115;132;140m██[38;2;65;65;65m██[38;2;0;0;0m██    
      [38;2;0;0;0m██[38;2;173;181;189m██[38;2;65;65;65m██[38;2;115;132;140m██[38;2;115;132;140m██[38;2;115;132;140m██[38;2;65;65;65m██[38;2;173;181;189m██[38;2;173;181;189m██[38;2;173;181;189m██[38;2;115;132;140m██[38;2;65;65;65m██[38;2;115;132;140m██[38;2;65;65;65m██[38;2;65;65;65m██[38;2;115;132;140m██[38;2;65;65;65m██[38;2;115;132;140m██[38;2;173;181;189m██[38;2;0;0;0m██  
    [38;2;0;0;0m██[38;2;173;181;189m██[38;2;173;181;189m██[38;2;65;65;65m██[38;2;115;132;140m██[38;2;65;65;65m██[38;2;65;65;65m██[38;2;173;181;189m██[38;2;173;181;189m██[38;2;65;65;65m██[38;2;115;132;140m██[38;2;65;65;65m██[38;2;65;65;65m██[38;2;65;65;65m██[38;2;173;181;189m██[38;2;173;181;189m██[38;2;65;65;65m██[38;2;115;132;140m██[38;2;173;181;189m██[38;2;115;132;140m██[38;2;0;0;0m██  
[38;2;0;0;0m██[38;2;0;0;0m██[38;2;0;0;0m██[38;2;173;181;189m██[38;2;65;65;65m██[38;2;65;65;65m██[38;2;65;65;65m██[38;2;173;181;189m██[38;2;173;181;189m██[38;2;65;65;65m██[38;2;65;65;65m██[38;2;115;132;140m██[38;2;115;132;140m██[38;2;65;65;65m██[38;2;65;65;65m██[38;2;173;181;189m██[38;2;173;181;189m██[38;2;115;132;140m██[38;2;65;65;65m██[38;2;65;65;65m██[38;2;115;132;140m██[38;2;115;132;140m██[38;2;115;132;140m██[38;2;0;0;0m██
[38;2;0;0;0m██[38;2;173;181;189m██[38;2;65;65;65m██[38;2;65;65;65m██[38;2;65;65;65m██[38;2;173;181;189m██[38;2;173;181;189m██[38;2;173;181;189m██[38;2;0;0;0m██[38;2;255;255;255m██[38;2;115;132;140m██[38;2;115;132;140m██[38;2;115;132;140m██[38;2;115;132;140m██[38;2;65;65;65m██[38;2;115;132;140m██[38;2;115;132;140m██[38;2;115;132;140m██[38;2;115;132;140m██[38;2;65;65;65m██[38;2;65;65;65m██[38;2;65;65;65m██[38;2;65;65;65m██[38;2;0;0;0m██
[38;2;0;0;0m██[38;2;115;132;140m██[38;2;173;181;189m██[38;2;173;181;189m██[38;2;115;132;140m██[38;2;173;181;189m██[38;2;115;132;140m██[38;2;65;65;65m██[38;2;206;74;41m██[38;2;115;132;140m██[38;2;115;132;140m██[38;2;115;132;140m██[38;2;115;132;140m██[38;2;115;132;140m██[38;2;65;65;65m██[38;2;115;132;140m██[38;2;115;132;140m██[38;2;115;132;140m██[38;2;65;65;65m██[38;2;115;132;140m██[38;2;115;132;140m██[38;2;115;132;140m██[38;2;0;0;0m██  
  [38;2;0;0;0m██[38;2;173;181;189m██[38;2;115;132;140m██[38;2;115;132;140m██[38;2;65;65;65m██[38;2;115;132;140m██[38;2;115;132;140m██[38;2;115;132;140m██[38;2;115;132;140m██[38;2;65;65;65m██[38;2;65;65;65m██[38;2;115;132;140m██[38;2;65;65;65m██[38;2;65;65;65m██[38;2;65;65;65m██[38;2;115;132;140m██[38;2;0;0;0m██[38;2;0;0;0m██[38;2;173;181;189m██[38;2;65;65;65m██[38;2;173;181;189m██[38;2;0;0;0m██  
    [38;2;0;0;0m██[38;2;115;132;140m██[38;2;65;65;65m██[38;2;115;132;140m██[38;2;115;132;140m██[38;2;115;132;140m██[38;2;115;132;140m██[38;2;65;65;65m██[38;2;255;255;255m██[38;2;0;0;0m██[38;2;0;0;0m██[38;2;115;132;140m██[38;2;115;132;140m██[38;2;115;132;140m██[38;2;0;0;0m██    [38;2;0;0;0m██[38;2;0;0;0m██[38;2;0;0;0m██    
      [38;2;0;0;0m██[38;2;0;0;0m██[38;2;115;132;140m██[38;2;115;132;140m██[38;2;115;132;140m██[38;2;0;0;0m██[38;2;0;0;0m██[38;2;0;0;0m██  [38;2;0;0;0m██[38;2;115;132;140m██[38;2;173;181;189m██[38;2;115;132;140m██[38;2;0;0;0m██              
          [38;2;0;0;0m██[38;2;0;0;0m██[38;2;0;0;0m██        [38;2;0;0;0m██[38;2;255;255;255m██[38;2;115;132;140m██[38;2;255;255;255m██[38;2;0;0;0m██              
                          [38;2;0;0;0m██[38;2;0;0;0m██[38;2;0;0;0m██                
[0mThese sprites are deprecated, please update pokeget as soon as possible.
