                                                                                                      [38;2;16;16;16m██[38;2;16;16;16m██[38;2;16;16;16m██[38;2;16;16;16m██                                          
                                                                                                    [38;2;16;16;16m██[38;2;69;80;95m██[38;2;69;80;95m██[38;2;69;80;95m██[38;2;69;80;95m██[38;2;16;16;16m██                        [38;2;16;16;16m██[38;2;16;16;16m██[38;2;16;16;16m██          
                                                                                                  [38;2;16;16;16m██[38;2;69;80;95m██[38;2;69;80;95m██[38;2;153;171;201m██[38;2;153;171;201m██[38;2;153;171;201m██[38;2;69;80;95m██[38;2;16;16;16m██                    [38;2;16;16;16m██[38;2;98;121;134m██[38;2;98;121;134m██[38;2;16;16;16m██[38;2;16;16;16m██        
                                                                                                  [38;2;16;16;16m██[38;2;69;80;95m██[38;2;153;171;201m██[38;2;153;171;201m██[38;2;153;171;201m██[38;2;153;171;201m██[38;2;153;171;201m██[38;2;69;80;95m██[38;2;16;16;16m██[38;2;69;80;95m██[38;2;69;80;95m██[38;2;69;80;95m██[38;2;69;80;95m██[38;2;69;80;95m██[38;2;69;80;95m██[38;2;69;80;95m██[38;2;69;80;95m██[38;2;98;121;134m██[38;2;153;171;201m██[38;2;153;171;201m██[38;2;153;171;201m██[38;2;98;121;134m██[38;2;16;16;16m██[38;2;16;16;16m██      
                                                                                                  [38;2;16;16;16m██[38;2;69;80;95m██[38;2;153;171;201m██[38;2;153;171;201m██[38;2;153;171;201m██[38;2;153;171;201m██[38;2;153;171;201m██[38;2;98;121;134m██[38;2;98;121;134m██[38;2;98;121;134m██[38;2;153;171;201m██[38;2;153;171;201m██[38;2;153;171;201m██[38;2;153;171;201m██[38;2;153;171;201m██[38;2;98;121;134m██[38;2;98;121;134m██[38;2;153;171;201m██[38;2;153;171;201m██[38;2;153;171;201m██[38;2;153;171;201m██[38;2;98;121;134m██[38;2;16;16;16m██[38;2;16;16;16m██      
                                                                                                  [38;2;16;16;16m██[38;2;69;80;95m██[38;2;98;121;134m██[38;2;153;171;201m██[38;2;153;171;201m██[38;2;153;171;201m██[38;2;153;171;201m██[38;2;153;171;201m██[38;2;153;171;201m██[38;2;153;171;201m██[38;2;153;171;201m██[38;2;153;171;201m██[38;2;153;171;201m██[38;2;153;171;201m██[38;2;153;171;201m██[38;2;153;171;201m██[38;2;153;171;201m██[38;2;153;171;201m██[38;2;153;171;201m██[38;2;153;171;201m██[38;2;153;171;201m██[38;2;69;80;95m██[38;2;16;16;16m██[38;2;16;16;16m██      
                                                                                                  [38;2;16;16;16m██[38;2;69;80;95m██[38;2;98;121;134m██[38;2;98;121;134m██[38;2;153;171;201m██[38;2;153;171;201m██[38;2;153;171;201m██[38;2;153;171;201m██[38;2;98;121;134m██[38;2;98;121;134m██[38;2;98;121;134m██[38;2;98;121;134m██[38;2;98;121;134m██[38;2;98;121;134m██[38;2;98;121;134m██[38;2;98;121;134m██[38;2;153;171;201m██[38;2;153;171;201m██[38;2;153;171;201m██[38;2;153;171;201m██[38;2;98;121;134m██[38;2;16;16;16m██[38;2;16;16;16m██[38;2;16;16;16m██      
                                                                                          [38;2;16;16;16m██    [38;2;16;16;16m██[38;2;16;16;16m██[38;2;69;80;95m██[38;2;98;121;134m██[38;2;98;121;134m██[38;2;98;121;134m██[38;2;98;121;134m██[38;2;98;121;134m██[38;2;98;121;134m██[38;2;98;121;134m██[38;2;98;121;134m██[38;2;98;121;134m██[38;2;98;121;134m██[38;2;98;121;134m██[38;2;98;121;134m██[38;2;98;121;134m██[38;2;98;121;134m██[38;2;98;121;134m██[38;2;153;171;201m██[38;2;153;171;201m██[38;2;98;121;134m██[38;2;69;80;95m██[38;2;16;16;16m██[38;2;16;16;16m██        
                                                                                          [38;2;16;16;16m██[38;2;69;80;95m██[38;2;69;80;95m██[38;2;69;80;95m██[38;2;98;121;134m██[38;2;16;16;16m██[38;2;69;80;95m██[38;2;98;121;134m██[38;2;98;121;134m██[38;2;98;121;134m██[38;2;98;121;134m██[38;2;98;121;134m██[38;2;98;121;134m██[38;2;98;121;134m██[38;2;98;121;134m██[38;2;98;121;134m██[38;2;98;121;134m██[38;2;98;121;134m██[38;2;98;121;134m██[38;2;98;121;134m██[38;2;98;121;134m██[38;2;153;171;201m██[38;2;98;121;134m██[38;2;16;16;16m██[38;2;16;16;16m██[38;2;16;16;16m██          
                                                                                            [38;2;16;16;16m██[38;2;153;171;201m██[38;2;98;121;134m██[38;2;69;80;95m██[38;2;69;80;95m██[38;2;69;80;95m██[38;2;69;80;95m██[38;2;98;121;134m██[38;2;98;121;134m██[38;2;98;121;134m██[38;2;98;121;134m██[38;2;98;121;134m██[38;2;98;121;134m██[38;2;98;121;134m██[38;2;98;121;134m██[38;2;98;121;134m██[38;2;98;121;134m██[38;2;98;121;134m██[38;2;98;121;134m██[38;2;98;121;134m██[38;2;69;80;95m██[38;2;16;16;16m██[38;2;69;80;95m██[38;2;16;16;16m██      [38;2;69;80;95m██[38;2;69;80;95m██[38;2;69;80;95m██
                                                                                              [38;2;16;16;16m██[38;2;16;16;16m██[38;2;16;16;16m██[38;2;16;16;16m██[38;2;98;121;134m██[38;2;98;121;134m██[38;2;98;121;134m██[38;2;98;121;134m██[38;2;98;121;134m██[38;2;98;121;134m██[38;2;98;121;134m██[38;2;98;121;134m██[38;2;98;121;134m██[38;2;98;121;134m██[38;2;98;121;134m██[38;2;98;121;134m██[38;2;98;121;134m██[38;2;69;80;95m██[38;2;69;80;95m██[38;2;16;16;16m██[38;2;98;121;134m██[38;2;98;121;134m██[38;2;69;80;95m██[38;2;69;80;95m██[38;2;69;80;95m██[38;2;69;80;95m██[38;2;153;171;201m██[38;2;153;171;201m██[38;2;16;16;16m██
                      [38;2;69;80;95m██[38;2;69;80;95m██[38;2;69;80;95m██[38;2;69;80;95m██[38;2;69;80;95m██[38;2;69;80;95m██[38;2;69;80;95m██                                                        [38;2;16;16;16m██[38;2;16;16;16m██[38;2;69;80;95m██[38;2;69;80;95m██[38;2;98;121;134m██[38;2;153;171;201m██[38;2;153;171;201m██[38;2;153;171;201m██[38;2;98;121;134m██[38;2;98;121;134m██[38;2;98;121;134m██[38;2;98;121;134m██[38;2;98;121;134m██[38;2;98;121;134m██[38;2;98;121;134m██[38;2;98;121;134m██[38;2;98;121;134m██[38;2;98;121;134m██[38;2;98;121;134m██[38;2;98;121;134m██[38;2;98;121;134m██[38;2;69;80;95m██[38;2;69;80;95m██[38;2;69;80;95m██[38;2;153;171;201m██[38;2;153;171;201m██[38;2;153;171;201m██[38;2;16;16;16m██[38;2;16;16;16m██  
              [38;2;69;80;95m██[38;2;69;80;95m██[38;2;69;80;95m██[38;2;69;80;95m██[38;2;153;171;201m██[38;2;153;171;201m██[38;2;153;171;201m██[38;2;153;171;201m██[38;2;153;171;201m██[38;2;153;171;201m██[38;2;98;121;134m██[38;2;69;80;95m██[38;2;69;80;95m██[38;2;69;80;95m██                                                  [38;2;69;80;95m██[38;2;69;80;95m██[38;2;98;121;134m██[38;2;153;171;201m██[38;2;153;171;201m██[38;2;153;171;201m██[38;2;153;171;201m██[38;2;153;171;201m██[38;2;153;171;201m██[38;2;98;121;134m██[38;2;98;121;134m██[38;2;98;121;134m██[38;2;98;121;134m██[38;2;98;121;134m██[38;2;98;121;134m██[38;2;98;121;134m██[38;2;98;121;134m██[38;2;98;121;134m██[38;2;98;121;134m██[38;2;98;121;134m██[38;2;98;121;134m██[38;2;98;121;134m██[38;2;153;171;201m██[38;2;153;171;201m██[38;2;16;16;16m██[38;2;16;16;16m██[38;2;16;16;16m██  [38;2;69;80;95m██[38;2;69;80;95m██
          [38;2;69;80;95m██[38;2;69;80;95m██[38;2;98;121;134m██[38;2;153;171;201m██[38;2;153;171;201m██[38;2;153;171;201m██[38;2;153;171;201m██[38;2;153;171;201m██[38;2;153;171;201m██[38;2;153;171;201m██[38;2;153;171;201m██[38;2;153;171;201m██[38;2;153;171;201m██[38;2;153;171;201m██[38;2;153;171;201m██[38;2;98;121;134m██[38;2;69;80;95m██[38;2;69;80;95m██                                          [38;2;69;80;95m██[38;2;69;80;95m██[38;2;153;171;201m██[38;2;153;171;201m██[38;2;153;171;201m██[38;2;153;171;201m██[38;2;153;171;201m██[38;2;153;171;201m██[38;2;98;121;134m██[38;2;153;171;201m██[38;2;98;121;134m██[38;2;153;171;201m██[38;2;98;121;134m██[38;2;98;121;134m██[38;2;98;121;134m██[38;2;98;121;134m██[38;2;98;121;134m██[38;2;98;121;134m██[38;2;98;121;134m██[38;2;98;121;134m██[38;2;98;121;134m██[38;2;98;121;134m██[38;2;98;121;134m██[38;2;16;16;16m██[38;2;16;16;16m██[38;2;16;16;16m██[38;2;69;80;95m██  [38;2;69;80;95m██[38;2;69;80;95m██[38;2;153;171;201m██[38;2;16;16;16m██
        [38;2;69;80;95m██[38;2;153;171;201m██[38;2;153;171;201m██[38;2;153;171;201m██[38;2;153;171;201m██[38;2;153;171;201m██[38;2;153;171;201m██[38;2;153;171;201m██[38;2;153;171;201m██[38;2;153;171;201m██[38;2;153;171;201m██[38;2;153;171;201m██[38;2;153;171;201m██[38;2;153;171;201m██[38;2;153;171;201m██[38;2;153;171;201m██[38;2;153;171;201m██[38;2;153;171;201m██[38;2;153;171;201m██[38;2;69;80;95m██[38;2;69;80;95m██                            [38;2;69;80;95m██[38;2;69;80;95m██[38;2;69;80;95m██[38;2;69;80;95m██[38;2;69;80;95m██[38;2;153;171;201m██[38;2;153;171;201m██[38;2;153;171;201m██[38;2;153;171;201m██[38;2;153;171;201m██[38;2;98;121;134m██[38;2;98;121;134m██[38;2;98;121;134m██[38;2;153;171;201m██[38;2;98;121;134m██[38;2;153;171;201m██[38;2;98;121;134m██[38;2;98;121;134m██[38;2;98;121;134m██[38;2;98;121;134m██[38;2;98;121;134m██[38;2;98;121;134m██[38;2;98;121;134m██[38;2;98;121;134m██[38;2;98;121;134m██[38;2;98;121;134m██[38;2;98;121;134m██[38;2;98;121;134m██[38;2;98;121;134m██[38;2;69;80;95m██[38;2;69;80;95m██[38;2;69;80;95m██[38;2;69;80;95m██[38;2;153;171;201m██[38;2;153;171;201m██[38;2;16;16;16m██  
      [38;2;69;80;95m██[38;2;153;171;201m██[38;2;153;171;201m██[38;2;153;171;201m██[38;2;153;171;201m██[38;2;153;171;201m██[38;2;153;171;201m██[38;2;153;171;201m██[38;2;153;171;201m██[38;2;153;171;201m██[38;2;153;171;201m██[38;2;153;171;201m██[38;2;153;171;201m██[38;2;153;171;201m██[38;2;153;171;201m██[38;2;153;171;201m██[38;2;153;171;201m██[38;2;153;171;201m██[38;2;153;171;201m██[38;2;153;171;201m██[38;2;98;121;134m██[38;2;98;121;134m██[38;2;69;80;95m██                [38;2;69;80;95m██[38;2;69;80;95m██[38;2;69;80;95m██[38;2;69;80;95m██[38;2;69;80;95m██[38;2;153;171;201m██[38;2;153;171;201m██[38;2;153;171;201m██[38;2;153;171;201m██[38;2;153;171;201m██[38;2;153;171;201m██[38;2;153;171;201m██[38;2;153;171;201m██[38;2;98;121;134m██[38;2;98;121;134m██[38;2;98;121;134m██[38;2;98;121;134m██[38;2;98;121;134m██[38;2;98;121;134m██[38;2;98;121;134m██[38;2;98;121;134m██[38;2;98;121;134m██[38;2;98;121;134m██[38;2;98;121;134m██[38;2;98;121;134m██[38;2;98;121;134m██[38;2;98;121;134m██[38;2;98;121;134m██[38;2;98;121;134m██[38;2;98;121;134m██[38;2;98;121;134m██[38;2;98;121;134m██[38;2;98;121;134m██[38;2;98;121;134m██[38;2;98;121;134m██[38;2;153;171;201m██[38;2;153;171;201m██[38;2;153;171;201m██[38;2;16;16;16m██[38;2;16;16;16m██    
    [38;2;69;80;95m██[38;2;153;171;201m██[38;2;153;171;201m██[38;2;153;171;201m██[38;2;153;171;201m██[38;2;153;171;201m██[38;2;153;171;201m██[38;2;98;121;134m██[38;2;69;80;95m██[38;2;16;16;16m██[38;2;16;16;16m██[38;2;16;16;16m██[38;2;16;16;16m██[38;2;16;16;16m██[38;2;16;16;16m██[38;2;16;16;16m██[38;2;69;80;95m██[38;2;98;121;134m██[38;2;153;171;201m██[38;2;153;171;201m██[38;2;98;121;134m██[38;2;98;121;134m██[38;2;98;121;134m██[38;2;98;121;134m██[38;2;69;80;95m██[38;2;69;80;95m██[38;2;69;80;95m██      [38;2;69;80;95m██[38;2;69;80;95m██[38;2;98;121;134m██[38;2;153;171;201m██[38;2;153;171;201m██[38;2;153;171;201m██[38;2;153;171;201m██[38;2;153;171;201m██[38;2;153;171;201m██[38;2;153;171;201m██[38;2;153;171;201m██[38;2;153;171;201m██[38;2;153;171;201m██[38;2;153;171;201m██[38;2;98;121;134m██[38;2;98;121;134m██[38;2;98;121;134m██[38;2;98;121;134m██[38;2;98;121;134m██[38;2;98;121;134m██[38;2;98;121;134m██[38;2;98;121;134m██[38;2;98;121;134m██[38;2;98;121;134m██[38;2;98;121;134m██[38;2;98;121;134m██[38;2;98;121;134m██[38;2;98;121;134m██[38;2;98;121;134m██[38;2;98;121;134m██[38;2;98;121;134m██[38;2;98;121;134m██[38;2;98;121;134m██[38;2;98;121;134m██[38;2;98;121;134m██[38;2;69;80;95m██[38;2;16;16;16m██[38;2;16;16;16m██[38;2;16;16;16m██[38;2;16;16;16m██[38;2;16;16;16m██[38;2;69;80;95m██[38;2;69;80;95m██  
  [38;2;16;16;16m██[38;2;98;121;134m██[38;2;98;121;134m██[38;2;153;171;201m██[38;2;153;171;201m██[38;2;153;171;201m██[38;2;98;121;134m██[38;2;69;80;95m██[38;2;16;16;16m██[38;2;16;16;16m██              [38;2;16;16;16m██[38;2;16;16;16m██[38;2;16;16;16m██[38;2;16;16;16m██[38;2;69;80;95m██[38;2;98;121;134m██[38;2;98;121;134m██[38;2;98;121;134m██[38;2;98;121;134m██[38;2;98;121;134m██[38;2;98;121;134m██[38;2;69;80;95m██[38;2;16;16;16m██[38;2;16;16;16m██[38;2;153;171;201m██[38;2;153;171;201m██[38;2;153;171;201m██[38;2;153;171;201m██[38;2;153;171;201m██[38;2;153;171;201m██[38;2;153;171;201m██[38;2;153;171;201m██[38;2;153;171;201m██[38;2;153;171;201m██[38;2;153;171;201m██[38;2;153;171;201m██[38;2;153;171;201m██[38;2;153;171;201m██[38;2;98;121;134m██[38;2;98;121;134m██[38;2;98;121;134m██[38;2;98;121;134m██[38;2;98;121;134m██[38;2;98;121;134m██[38;2;98;121;134m██[38;2;98;121;134m██[38;2;98;121;134m██[38;2;98;121;134m██[38;2;98;121;134m██[38;2;98;121;134m██[38;2;98;121;134m██[38;2;98;121;134m██[38;2;69;80;95m██[38;2;98;121;134m██[38;2;98;121;134m██[38;2;98;121;134m██[38;2;98;121;134m██[38;2;98;121;134m██[38;2;98;121;134m██[38;2;98;121;134m██[38;2;69;80;95m██[38;2;69;80;95m██[38;2;69;80;95m██[38;2;69;80;95m██[38;2;153;171;201m██[38;2;153;171;201m██[38;2;16;16;16m██  
  [38;2;16;16;16m██[38;2;98;121;134m██[38;2;98;121;134m██[38;2;98;121;134m██[38;2;98;121;134m██[38;2;98;121;134m██[38;2;69;80;95m██[38;2;69;80;95m██[38;2;69;80;95m██[38;2;16;16;16m██                      [38;2;16;16;16m██[38;2;16;16;16m██[38;2;69;80;95m██[38;2;98;121;134m██[38;2;98;121;134m██[38;2;98;121;134m██[38;2;98;121;134m██[38;2;98;121;134m██[38;2;98;121;134m██[38;2;153;171;201m██[38;2;153;171;201m██[38;2;153;171;201m██[38;2;153;171;201m██[38;2;153;171;201m██[38;2;153;171;201m██[38;2;153;171;201m██[38;2;153;171;201m██[38;2;153;171;201m██[38;2;153;171;201m██[38;2;153;171;201m██[38;2;153;171;201m██[38;2;153;171;201m██[38;2;153;171;201m██[38;2;98;121;134m██[38;2;98;121;134m██[38;2;98;121;134m██[38;2;98;121;134m██[38;2;98;121;134m██[38;2;98;121;134m██[38;2;98;121;134m██[38;2;98;121;134m██[38;2;98;121;134m██[38;2;98;121;134m██[38;2;98;121;134m██[38;2;98;121;134m██[38;2;98;121;134m██[38;2;98;121;134m██[38;2;69;80;95m██[38;2;98;121;134m██[38;2;98;121;134m██[38;2;98;121;134m██[38;2;98;121;134m██[38;2;98;121;134m██[38;2;98;121;134m██[38;2;98;121;134m██[38;2;69;80;95m██[38;2;98;121;134m██[38;2;153;171;201m██[38;2;153;171;201m██[38;2;153;171;201m██[38;2;16;16;16m██[38;2;16;16;16m██    
[38;2;16;16;16m██[38;2;69;80;95m██[38;2;98;121;134m██[38;2;98;121;134m██[38;2;98;121;134m██[38;2;98;121;134m██[38;2;69;80;95m██[38;2;69;80;95m██[38;2;98;121;134m██[38;2;98;121;134m██[38;2;69;80;95m██[38;2;16;16;16m██                        [38;2;16;16;16m██[38;2;16;16;16m██[38;2;98;121;134m██[38;2;98;121;134m██[38;2;98;121;134m██[38;2;98;121;134m██[38;2;98;121;134m██[38;2;98;121;134m██[38;2;153;171;201m██[38;2;153;171;201m██[38;2;153;171;201m██[38;2;153;171;201m██[38;2;98;121;134m██[38;2;98;121;134m██[38;2;98;121;134m██[38;2;98;121;134m██[38;2;153;171;201m██[38;2;153;171;201m██[38;2;153;171;201m██[38;2;98;121;134m██[38;2;98;121;134m██[38;2;98;121;134m██[38;2;98;121;134m██[38;2;98;121;134m██[38;2;98;121;134m██[38;2;98;121;134m██[38;2;98;121;134m██[38;2;98;121;134m██[38;2;98;121;134m██[38;2;98;121;134m██[38;2;98;121;134m██[38;2;98;121;134m██[38;2;98;121;134m██[38;2;98;121;134m██[38;2;98;121;134m██[38;2;69;80;95m██[38;2;98;121;134m██[38;2;98;121;134m██[38;2;98;121;134m██[38;2;98;121;134m██[38;2;98;121;134m██[38;2;98;121;134m██[38;2;69;80;95m██[38;2;16;16;16m██[38;2;16;16;16m██[38;2;16;16;16m██[38;2;16;16;16m██[38;2;16;16;16m██        
[38;2;16;16;16m██[38;2;98;121;134m██[38;2;98;121;134m██[38;2;98;121;134m██[38;2;98;121;134m██[38;2;69;80;95m██[38;2;98;121;134m██[38;2;98;121;134m██[38;2;98;121;134m██[38;2;98;121;134m██[38;2;98;121;134m██[38;2;69;80;95m██[38;2;16;16;16m██                        [38;2;69;80;95m██[38;2;69;80;95m██[38;2;69;80;95m██[38;2;98;121;134m██[38;2;98;121;134m██[38;2;98;121;134m██[38;2;98;121;134m██[38;2;98;121;134m██[38;2;98;121;134m██[38;2;98;121;134m██[38;2;98;121;134m██[38;2;98;121;134m██[38;2;98;121;134m██[38;2;98;121;134m██[38;2;98;121;134m██[38;2;98;121;134m██[38;2;98;121;134m██[38;2;98;121;134m██[38;2;98;121;134m██[38;2;98;121;134m██[38;2;98;121;134m██[38;2;98;121;134m██[38;2;98;121;134m██[38;2;98;121;134m██[38;2;98;121;134m██[38;2;98;121;134m██[38;2;98;121;134m██[38;2;98;121;134m██[38;2;98;121;134m██[38;2;98;121;134m██[38;2;98;121;134m██[38;2;98;121;134m██[38;2;98;121;134m██[38;2;98;121;134m██[38;2;16;16;16m██[38;2;98;121;134m██[38;2;98;121;134m██[38;2;98;121;134m██[38;2;98;121;134m██[38;2;69;80;95m██[38;2;16;16;16m██[38;2;16;16;16m██                  
[38;2;16;16;16m██[38;2;98;121;134m██[38;2;98;121;134m██[38;2;98;121;134m██[38;2;98;121;134m██[38;2;69;80;95m██[38;2;98;121;134m██[38;2;98;121;134m██[38;2;98;121;134m██[38;2;98;121;134m██[38;2;98;121;134m██[38;2;98;121;134m██[38;2;16;16;16m██                      [38;2;69;80;95m██[38;2;98;121;134m██[38;2;98;121;134m██[38;2;98;121;134m██[38;2;98;121;134m██[38;2;98;121;134m██[38;2;98;121;134m██[38;2;98;121;134m██[38;2;98;121;134m██[38;2;98;121;134m██[38;2;98;121;134m██[38;2;98;121;134m██[38;2;98;121;134m██[38;2;98;121;134m██[38;2;98;121;134m██[38;2;98;121;134m██[38;2;98;121;134m██[38;2;98;121;134m██[38;2;98;121;134m██[38;2;98;121;134m██[38;2;98;121;134m██[38;2;98;121;134m██[38;2;98;121;134m██[38;2;98;121;134m██[38;2;98;121;134m██[38;2;98;121;134m██[38;2;98;121;134m██[38;2;98;121;134m██[38;2;98;121;134m██[38;2;98;121;134m██[38;2;98;121;134m██[38;2;98;121;134m██[38;2;98;121;134m██[38;2;98;121;134m██[38;2;98;121;134m██[38;2;16;16;16m██[38;2;69;80;95m██[38;2;69;80;95m██[38;2;16;16;16m██[38;2;16;16;16m██[38;2;16;16;16m██                      
[38;2;16;16;16m██[38;2;69;80;95m██[38;2;98;121;134m██[38;2;98;121;134m██[38;2;98;121;134m██[38;2;69;80;95m██[38;2;69;80;95m██[38;2;98;121;134m██[38;2;98;121;134m██[38;2;69;80;95m██[38;2;98;121;134m██[38;2;98;121;134m██[38;2;16;16;16m██                      [38;2;69;80;95m██[38;2;98;121;134m██[38;2;98;121;134m██[38;2;98;121;134m██[38;2;98;121;134m██[38;2;69;80;95m██[38;2;98;121;134m██[38;2;98;121;134m██[38;2;98;121;134m██[38;2;98;121;134m██[38;2;98;121;134m██[38;2;98;121;134m██[38;2;98;121;134m██[38;2;98;121;134m██[38;2;98;121;134m██[38;2;98;121;134m██[38;2;98;121;134m██[38;2;98;121;134m██[38;2;98;121;134m██[38;2;98;121;134m██[38;2;98;121;134m██[38;2;98;121;134m██[38;2;98;121;134m██[38;2;98;121;134m██[38;2;98;121;134m██[38;2;98;121;134m██[38;2;98;121;134m██[38;2;98;121;134m██[38;2;98;121;134m██[38;2;98;121;134m██[38;2;98;121;134m██[38;2;98;121;134m██[38;2;98;121;134m██[38;2;98;121;134m██[38;2;98;121;134m██[38;2;16;16;16m██[38;2;16;16;16m██[38;2;16;16;16m██                            
  [38;2;16;16;16m██[38;2;98;121;134m██[38;2;98;121;134m██[38;2;98;121;134m██[38;2;98;121;134m██[38;2;69;80;95m██[38;2;69;80;95m██[38;2;69;80;95m██[38;2;98;121;134m██[38;2;98;121;134m██[38;2;98;121;134m██[38;2;16;16;16m██                    [38;2;69;80;95m██[38;2;98;121;134m██[38;2;98;121;134m██[38;2;98;121;134m██[38;2;98;121;134m██[38;2;98;121;134m██[38;2;69;80;95m██[38;2;98;121;134m██[38;2;98;121;134m██[38;2;98;121;134m██[38;2;98;121;134m██[38;2;98;121;134m██[38;2;98;121;134m██[38;2;98;121;134m██[38;2;98;121;134m██[38;2;98;121;134m██[38;2;98;121;134m██[38;2;98;121;134m██[38;2;98;121;134m██[38;2;98;121;134m██[38;2;98;121;134m██[38;2;98;121;134m██[38;2;98;121;134m██[38;2;98;121;134m██[38;2;98;121;134m██[38;2;98;121;134m██[38;2;98;121;134m██[38;2;98;121;134m██[38;2;98;121;134m██[38;2;98;121;134m██[38;2;98;121;134m██[38;2;69;80;95m██[38;2;98;121;134m██[38;2;98;121;134m██[38;2;98;121;134m██[38;2;98;121;134m██[38;2;16;16;16m██                                
  [38;2;16;16;16m██[38;2;69;80;95m██[38;2;98;121;134m██[38;2;98;121;134m██[38;2;98;121;134m██[38;2;98;121;134m██[38;2;98;121;134m██[38;2;98;121;134m██[38;2;98;121;134m██[38;2;98;121;134m██[38;2;69;80;95m██[38;2;16;16;16m██                    [38;2;16;16;16m██[38;2;98;121;134m██[38;2;98;121;134m██[38;2;98;121;134m██[38;2;98;121;134m██[38;2;98;121;134m██[38;2;69;80;95m██[38;2;98;121;134m██[38;2;98;121;134m██[38;2;98;121;134m██[38;2;98;121;134m██[38;2;98;121;134m██[38;2;98;121;134m██[38;2;98;121;134m██[38;2;98;121;134m██[38;2;98;121;134m██[38;2;98;121;134m██[38;2;98;121;134m██[38;2;98;121;134m██[38;2;98;121;134m██[38;2;98;121;134m██[38;2;98;121;134m██[38;2;98;121;134m██[38;2;98;121;134m██[38;2;98;121;134m██[38;2;98;121;134m██[38;2;98;121;134m██[38;2;98;121;134m██[38;2;98;121;134m██[38;2;98;121;134m██[38;2;98;121;134m██[38;2;69;80;95m██[38;2;98;121;134m██[38;2;98;121;134m██[38;2;98;121;134m██[38;2;98;121;134m██[38;2;16;16;16m██                                
    [38;2;16;16;16m██[38;2;69;80;95m██[38;2;98;121;134m██[38;2;98;121;134m██[38;2;98;121;134m██[38;2;98;121;134m██[38;2;98;121;134m██[38;2;98;121;134m██[38;2;98;121;134m██[38;2;16;16;16m██                    [38;2;16;16;16m██[38;2;98;121;134m██[38;2;98;121;134m██[38;2;98;121;134m██[38;2;98;121;134m██[38;2;98;121;134m██[38;2;98;121;134m██[38;2;69;80;95m██[38;2;98;121;134m██[38;2;98;121;134m██[38;2;98;121;134m██[38;2;98;121;134m██[38;2;98;121;134m██[38;2;98;121;134m██[38;2;98;121;134m██[38;2;98;121;134m██[38;2;98;121;134m██[38;2;98;121;134m██[38;2;98;121;134m██[38;2;98;121;134m██[38;2;69;80;95m██[38;2;98;121;134m██[38;2;98;121;134m██[38;2;98;121;134m██[38;2;98;121;134m██[38;2;98;121;134m██[38;2;98;121;134m██[38;2;98;121;134m██[38;2;98;121;134m██[38;2;98;121;134m██[38;2;98;121;134m██[38;2;69;80;95m██[38;2;98;121;134m██[38;2;98;121;134m██[38;2;98;121;134m██[38;2;98;121;134m██[38;2;69;80;95m██                                  
      [38;2;16;16;16m██[38;2;16;16;16m██[38;2;69;80;95m██[38;2;98;121;134m██[38;2;98;121;134m██[38;2;98;121;134m██[38;2;69;80;95m██[38;2;16;16;16m██                      [38;2;16;16;16m██[38;2;98;121;134m██[38;2;98;121;134m██[38;2;98;121;134m██[38;2;98;121;134m██[38;2;98;121;134m██[38;2;69;80;95m██[38;2;98;121;134m██[38;2;98;121;134m██[38;2;98;121;134m██[38;2;98;121;134m██[38;2;98;121;134m██[38;2;98;121;134m██[38;2;98;121;134m██[38;2;98;121;134m██[38;2;98;121;134m██[38;2;98;121;134m██[38;2;98;121;134m██[38;2;98;121;134m██[38;2;69;80;95m██[38;2;98;121;134m██[38;2;98;121;134m██[38;2;98;121;134m██[38;2;98;121;134m██[38;2;98;121;134m██[38;2;98;121;134m██[38;2;98;121;134m██[38;2;98;121;134m██[38;2;98;121;134m██[38;2;98;121;134m██[38;2;98;121;134m██[38;2;69;80;95m██[38;2;98;121;134m██[38;2;98;121;134m██[38;2;98;121;134m██[38;2;98;121;134m██[38;2;16;16;16m██                                  
          [38;2;16;16;16m██[38;2;16;16;16m██[38;2;16;16;16m██[38;2;16;16;16m██[38;2;16;16;16m██                        [38;2;16;16;16m██[38;2;98;121;134m██[38;2;98;121;134m██[38;2;98;121;134m██[38;2;98;121;134m██[38;2;98;121;134m██[38;2;69;80;95m██[38;2;98;121;134m██[38;2;98;121;134m██[38;2;98;121;134m██[38;2;98;121;134m██[38;2;98;121;134m██[38;2;98;121;134m██[38;2;98;121;134m██[38;2;98;121;134m██[38;2;98;121;134m██[38;2;98;121;134m██[38;2;98;121;134m██[38;2;98;121;134m██[38;2;69;80;95m██[38;2;98;121;134m██[38;2;98;121;134m██[38;2;98;121;134m██[38;2;98;121;134m██[38;2;98;121;134m██[38;2;98;121;134m██[38;2;98;121;134m██[38;2;98;121;134m██[38;2;98;121;134m██[38;2;98;121;134m██[38;2;16;16;16m██[38;2;98;121;134m██[38;2;98;121;134m██[38;2;98;121;134m██[38;2;98;121;134m██[38;2;98;121;134m██[38;2;16;16;16m██                                  
                                            [38;2;16;16;16m██[38;2;98;121;134m██[38;2;98;121;134m██[38;2;98;121;134m██[38;2;98;121;134m██[38;2;98;121;134m██[38;2;16;16;16m██[38;2;98;121;134m██[38;2;98;121;134m██[38;2;98;121;134m██[38;2;98;121;134m██[38;2;98;121;134m██[38;2;98;121;134m██[38;2;98;121;134m██[38;2;98;121;134m██[38;2;98;121;134m██[38;2;98;121;134m██[38;2;98;121;134m██[38;2;69;80;95m██[38;2;69;80;95m██[38;2;98;121;134m██[38;2;98;121;134m██[38;2;98;121;134m██[38;2;98;121;134m██[38;2;98;121;134m██[38;2;98;121;134m██[38;2;98;121;134m██[38;2;98;121;134m██[38;2;69;80;95m██[38;2;16;16;16m██[38;2;98;121;134m██[38;2;98;121;134m██[38;2;98;121;134m██[38;2;98;121;134m██[38;2;98;121;134m██[38;2;98;121;134m██[38;2;16;16;16m██                                  
                                            [38;2;16;16;16m██[38;2;98;121;134m██[38;2;98;121;134m██[38;2;98;121;134m██[38;2;98;121;134m██[38;2;98;121;134m██[38;2;16;16;16m██[38;2;98;121;134m██[38;2;98;121;134m██[38;2;98;121;134m██[38;2;98;121;134m██[38;2;98;121;134m██[38;2;98;121;134m██[38;2;98;121;134m██[38;2;98;121;134m██[38;2;98;121;134m██[38;2;98;121;134m██[38;2;98;121;134m██[38;2;16;16;16m██[38;2;16;16;16m██[38;2;16;16;16m██[38;2;69;80;95m██[38;2;98;121;134m██[38;2;98;121;134m██[38;2;98;121;134m██[38;2;98;121;134m██[38;2;98;121;134m██[38;2;16;16;16m██[38;2;69;80;95m██[38;2;98;121;134m██[38;2;98;121;134m██[38;2;98;121;134m██[38;2;98;121;134m██[38;2;98;121;134m██[38;2;98;121;134m██[38;2;69;80;95m██                                    
                                            [38;2;16;16;16m██[38;2;98;121;134m██[38;2;98;121;134m██[38;2;98;121;134m██[38;2;98;121;134m██[38;2;98;121;134m██[38;2;16;16;16m██[38;2;98;121;134m██[38;2;98;121;134m██[38;2;98;121;134m██[38;2;98;121;134m██[38;2;98;121;134m██[38;2;98;121;134m██[38;2;98;121;134m██[38;2;98;121;134m██[38;2;98;121;134m██[38;2;98;121;134m██[38;2;98;121;134m██[38;2;16;16;16m██    [38;2;16;16;16m██[38;2;16;16;16m██[38;2;16;16;16m██[38;2;16;16;16m██[38;2;16;16;16m██[38;2;16;16;16m██[38;2;69;80;95m██[38;2;98;121;134m██[38;2;98;121;134m██[38;2;98;121;134m██[38;2;98;121;134m██[38;2;98;121;134m██[38;2;98;121;134m██[38;2;98;121;134m██[38;2;16;16;16m██                                    
                                          [38;2;16;16;16m██[38;2;98;121;134m██[38;2;98;121;134m██[38;2;98;121;134m██[38;2;98;121;134m██[38;2;98;121;134m██[38;2;98;121;134m██[38;2;16;16;16m██[38;2;98;121;134m██[38;2;98;121;134m██[38;2;98;121;134m██[38;2;98;121;134m██[38;2;98;121;134m██[38;2;98;121;134m██[38;2;98;121;134m██[38;2;98;121;134m██[38;2;98;121;134m██[38;2;98;121;134m██[38;2;98;121;134m██[38;2;16;16;16m██    [38;2;16;16;16m██[38;2;98;121;134m██[38;2;98;121;134m██[38;2;98;121;134m██[38;2;98;121;134m██[38;2;16;16;16m██[38;2;98;121;134m██[38;2;98;121;134m██[38;2;98;121;134m██[38;2;98;121;134m██[38;2;98;121;134m██[38;2;98;121;134m██[38;2;98;121;134m██[38;2;69;80;95m██                                      
                                          [38;2;69;80;95m██[38;2;98;121;134m██[38;2;98;121;134m██[38;2;98;121;134m██[38;2;98;121;134m██[38;2;98;121;134m██[38;2;98;121;134m██[38;2;98;121;134m██[38;2;16;16;16m██[38;2;98;121;134m██[38;2;98;121;134m██[38;2;98;121;134m██[38;2;98;121;134m██[38;2;98;121;134m██[38;2;98;121;134m██[38;2;98;121;134m██[38;2;98;121;134m██[38;2;98;121;134m██[38;2;16;16;16m██      [38;2;16;16;16m██[38;2;98;121;134m██[38;2;98;121;134m██[38;2;98;121;134m██[38;2;98;121;134m██[38;2;16;16;16m██[38;2;98;121;134m██[38;2;98;121;134m██[38;2;98;121;134m██[38;2;98;121;134m██[38;2;98;121;134m██[38;2;98;121;134m██[38;2;98;121;134m██[38;2;16;16;16m██                                      
                                        [38;2;69;80;95m██[38;2;98;121;134m██[38;2;98;121;134m██[38;2;98;121;134m██[38;2;98;121;134m██[38;2;98;121;134m██[38;2;98;121;134m██[38;2;98;121;134m██[38;2;98;121;134m██[38;2;16;16;16m██[38;2;98;121;134m██[38;2;98;121;134m██[38;2;98;121;134m██[38;2;98;121;134m██[38;2;98;121;134m██[38;2;98;121;134m██[38;2;98;121;134m██[38;2;98;121;134m██[38;2;98;121;134m██[38;2;16;16;16m██      [38;2;16;16;16m██[38;2;98;121;134m██[38;2;98;121;134m██[38;2;98;121;134m██[38;2;98;121;134m██[38;2;98;121;134m██[38;2;16;16;16m██[38;2;98;121;134m██[38;2;98;121;134m██[38;2;98;121;134m██[38;2;98;121;134m██[38;2;98;121;134m██[38;2;98;121;134m██[38;2;16;16;16m██                                      
                                      [38;2;69;80;95m██[38;2;98;121;134m██[38;2;98;121;134m██[38;2;98;121;134m██[38;2;98;121;134m██[38;2;98;121;134m██[38;2;98;121;134m██[38;2;98;121;134m██[38;2;98;121;134m██[38;2;98;121;134m██[38;2;16;16;16m██[38;2;98;121;134m██[38;2;98;121;134m██[38;2;98;121;134m██[38;2;98;121;134m██[38;2;98;121;134m██[38;2;98;121;134m██[38;2;98;121;134m██[38;2;98;121;134m██[38;2;16;16;16m██        [38;2;16;16;16m██[38;2;98;121;134m██[38;2;98;121;134m██[38;2;98;121;134m██[38;2;98;121;134m██[38;2;98;121;134m██[38;2;16;16;16m██[38;2;98;121;134m██[38;2;98;121;134m██[38;2;98;121;134m██[38;2;98;121;134m██[38;2;98;121;134m██[38;2;98;121;134m██[38;2;16;16;16m██                                      
                                    [38;2;69;80;95m██[38;2;153;171;201m██[38;2;153;171;201m██[38;2;98;121;134m██[38;2;98;121;134m██[38;2;98;121;134m██[38;2;98;121;134m██[38;2;98;121;134m██[38;2;98;121;134m██[38;2;98;121;134m██[38;2;16;16;16m██[38;2;98;121;134m██[38;2;98;121;134m██[38;2;98;121;134m██[38;2;98;121;134m██[38;2;98;121;134m██[38;2;98;121;134m██[38;2;98;121;134m██[38;2;98;121;134m██[38;2;98;121;134m██[38;2;16;16;16m██          [38;2;16;16;16m██[38;2;98;121;134m██[38;2;98;121;134m██[38;2;98;121;134m██[38;2;98;121;134m██[38;2;16;16;16m██[38;2;98;121;134m██[38;2;98;121;134m██[38;2;98;121;134m██[38;2;98;121;134m██[38;2;98;121;134m██[38;2;98;121;134m██[38;2;16;16;16m██                                      
                                    [38;2;69;80;95m██[38;2;153;171;201m██[38;2;153;171;201m██[38;2;153;171;201m██[38;2;98;121;134m██[38;2;98;121;134m██[38;2;98;121;134m██[38;2;98;121;134m██[38;2;98;121;134m██[38;2;98;121;134m██[38;2;69;80;95m██[38;2;98;121;134m██[38;2;98;121;134m██[38;2;98;121;134m██[38;2;98;121;134m██[38;2;98;121;134m██[38;2;98;121;134m██[38;2;98;121;134m██[38;2;98;121;134m██[38;2;16;16;16m██            [38;2;16;16;16m██[38;2;98;121;134m██[38;2;98;121;134m██[38;2;98;121;134m██[38;2;98;121;134m██[38;2;16;16;16m██[38;2;98;121;134m██[38;2;98;121;134m██[38;2;98;121;134m██[38;2;98;121;134m██[38;2;98;121;134m██[38;2;69;80;95m██[38;2;16;16;16m██                                      
                                  [38;2;69;80;95m██[38;2;153;171;201m██[38;2;153;171;201m██[38;2;153;171;201m██[38;2;153;171;201m██[38;2;98;121;134m██[38;2;98;121;134m██[38;2;98;121;134m██[38;2;98;121;134m██[38;2;16;16;16m██[38;2;69;80;95m██[38;2;153;171;201m██[38;2;153;171;201m██[38;2;98;121;134m██[38;2;98;121;134m██[38;2;98;121;134m██[38;2;98;121;134m██[38;2;98;121;134m██[38;2;98;121;134m██[38;2;16;16;16m██              [38;2;16;16;16m██[38;2;98;121;134m██[38;2;98;121;134m██[38;2;98;121;134m██[38;2;98;121;134m██[38;2;16;16;16m██[38;2;98;121;134m██[38;2;98;121;134m██[38;2;98;121;134m██[38;2;98;121;134m██[38;2;98;121;134m██[38;2;69;80;95m██                                        
                                  [38;2;69;80;95m██[38;2;98;121;134m██[38;2;98;121;134m██[38;2;98;121;134m██[38;2;98;121;134m██[38;2;98;121;134m██[38;2;98;121;134m██[38;2;16;16;16m██[38;2;16;16;16m██[38;2;69;80;95m██[38;2;153;171;201m██[38;2;153;171;201m██[38;2;153;171;201m██[38;2;153;171;201m██[38;2;98;121;134m██[38;2;98;121;134m██[38;2;98;121;134m██[38;2;98;121;134m██[38;2;16;16;16m██                [38;2;16;16;16m██[38;2;98;121;134m██[38;2;98;121;134m██[38;2;98;121;134m██[38;2;98;121;134m██[38;2;16;16;16m██[38;2;98;121;134m██[38;2;98;121;134m██[38;2;98;121;134m██[38;2;98;121;134m██[38;2;98;121;134m██[38;2;69;80;95m██                                        
                                  [38;2;16;16;16m██[38;2;98;121;134m██[38;2;98;121;134m██[38;2;98;121;134m██[38;2;98;121;134m██[38;2;98;121;134m██[38;2;16;16;16m██    [38;2;69;80;95m██[38;2;98;121;134m██[38;2;98;121;134m██[38;2;153;171;201m██[38;2;153;171;201m██[38;2;98;121;134m██[38;2;98;121;134m██[38;2;98;121;134m██[38;2;16;16;16m██                    [38;2;16;16;16m██[38;2;98;121;134m██[38;2;98;121;134m██[38;2;98;121;134m██[38;2;16;16;16m██[38;2;98;121;134m██[38;2;98;121;134m██[38;2;98;121;134m██[38;2;98;121;134m██[38;2;98;121;134m██[38;2;16;16;16m██                                        
                                  [38;2;16;16;16m██[38;2;98;121;134m██[38;2;98;121;134m██[38;2;98;121;134m██[38;2;98;121;134m██[38;2;16;16;16m██      [38;2;69;80;95m██[38;2;98;121;134m██[38;2;98;121;134m██[38;2;98;121;134m██[38;2;98;121;134m██[38;2;98;121;134m██[38;2;98;121;134m██[38;2;69;80;95m██                      [38;2;16;16;16m██[38;2;98;121;134m██[38;2;98;121;134m██[38;2;98;121;134m██[38;2;98;121;134m██[38;2;16;16;16m██[38;2;98;121;134m██[38;2;98;121;134m██[38;2;98;121;134m██[38;2;98;121;134m██[38;2;16;16;16m██                                        
                                  [38;2;16;16;16m██[38;2;98;121;134m██[38;2;98;121;134m██[38;2;98;121;134m██[38;2;98;121;134m██[38;2;16;16;16m██        [38;2;69;80;95m██[38;2;98;121;134m██[38;2;98;121;134m██[38;2;98;121;134m██[38;2;98;121;134m██[38;2;98;121;134m██[38;2;16;16;16m██                      [38;2;16;16;16m██[38;2;98;121;134m██[38;2;98;121;134m██[38;2;98;121;134m██[38;2;98;121;134m██[38;2;16;16;16m██[38;2;98;121;134m██[38;2;98;121;134m██[38;2;98;121;134m██[38;2;98;121;134m██[38;2;16;16;16m██                                        
                                  [38;2;16;16;16m██[38;2;98;121;134m██[38;2;98;121;134m██[38;2;98;121;134m██[38;2;98;121;134m██[38;2;16;16;16m██        [38;2;16;16;16m██[38;2;98;121;134m██[38;2;98;121;134m██[38;2;98;121;134m██[38;2;98;121;134m██[38;2;98;121;134m██[38;2;16;16;16m██                      [38;2;16;16;16m██[38;2;98;121;134m██[38;2;98;121;134m██[38;2;98;121;134m██[38;2;98;121;134m██[38;2;16;16;16m██[38;2;98;121;134m██[38;2;98;121;134m██[38;2;98;121;134m██[38;2;98;121;134m██[38;2;16;16;16m██                                        
                                  [38;2;16;16;16m██[38;2;98;121;134m██[38;2;98;121;134m██[38;2;98;121;134m██[38;2;98;121;134m██[38;2;16;16;16m██        [38;2;16;16;16m██[38;2;98;121;134m██[38;2;98;121;134m██[38;2;98;121;134m██[38;2;98;121;134m██[38;2;98;121;134m██[38;2;16;16;16m██                      [38;2;16;16;16m██[38;2;98;121;134m██[38;2;98;121;134m██[38;2;98;121;134m██[38;2;98;121;134m██[38;2;16;16;16m██[38;2;98;121;134m██[38;2;98;121;134m██[38;2;98;121;134m██[38;2;98;121;134m██[38;2;16;16;16m██                                        
                                    [38;2;16;16;16m██[38;2;98;121;134m██[38;2;98;121;134m██[38;2;98;121;134m██[38;2;16;16;16m██          [38;2;16;16;16m██[38;2;98;121;134m██[38;2;98;121;134m██[38;2;98;121;134m██[38;2;98;121;134m██[38;2;98;121;134m██[38;2;16;16;16m██                    [38;2;16;16;16m██[38;2;98;121;134m██[38;2;98;121;134m██[38;2;98;121;134m██[38;2;98;121;134m██[38;2;16;16;16m██[38;2;98;121;134m██[38;2;98;121;134m██[38;2;98;121;134m██[38;2;98;121;134m██[38;2;69;80;95m██                                        
                                    [38;2;16;16;16m██[38;2;98;121;134m██[38;2;98;121;134m██[38;2;98;121;134m██[38;2;98;121;134m██[38;2;69;80;95m██          [38;2;16;16;16m██[38;2;98;121;134m██[38;2;98;121;134m██[38;2;98;121;134m██[38;2;98;121;134m██[38;2;16;16;16m██                      [38;2;16;16;16m██[38;2;98;121;134m██[38;2;98;121;134m██[38;2;98;121;134m██[38;2;16;16;16m██[38;2;98;121;134m██[38;2;98;121;134m██[38;2;98;121;134m██[38;2;98;121;134m██[38;2;69;80;95m██[38;2;69;80;95m██[38;2;69;80;95m██                                    
                                    [38;2;16;16;16m██[38;2;98;121;134m██[38;2;98;121;134m██[38;2;98;121;134m██[38;2;98;121;134m██[38;2;98;121;134m██[38;2;69;80;95m██        [38;2;16;16;16m██[38;2;98;121;134m██[38;2;98;121;134m██[38;2;98;121;134m██[38;2;98;121;134m██[38;2;98;121;134m██[38;2;16;16;16m██                    [38;2;16;16;16m██[38;2;98;121;134m██[38;2;98;121;134m██[38;2;98;121;134m██[38;2;16;16;16m██[38;2;98;121;134m██[38;2;98;121;134m██[38;2;98;121;134m██[38;2;98;121;134m██[38;2;98;121;134m██[38;2;153;171;201m██[38;2;153;171;201m██[38;2;69;80;95m██                                  
                                      [38;2;16;16;16m██[38;2;98;121;134m██[38;2;98;121;134m██[38;2;98;121;134m██[38;2;98;121;134m██[38;2;16;16;16m██          [38;2;16;16;16m██[38;2;98;121;134m██[38;2;98;121;134m██[38;2;98;121;134m██[38;2;98;121;134m██[38;2;16;16;16m██                      [38;2;16;16;16m██[38;2;98;121;134m██[38;2;98;121;134m██[38;2;98;121;134m██[38;2;16;16;16m██[38;2;98;121;134m██[38;2;98;121;134m██[38;2;98;121;134m██[38;2;98;121;134m██[38;2;153;171;201m██[38;2;153;171;201m██[38;2;153;171;201m██[38;2;69;80;95m██                                
                                      [38;2;16;16;16m██[38;2;98;121;134m██[38;2;98;121;134m██[38;2;98;121;134m██[38;2;98;121;134m██[38;2;16;16;16m██          [38;2;16;16;16m██[38;2;98;121;134m██[38;2;98;121;134m██[38;2;98;121;134m██[38;2;98;121;134m██[38;2;98;121;134m██[38;2;69;80;95m██[38;2;69;80;95m██                    [38;2;16;16;16m██[38;2;16;16;16m██[38;2;69;80;95m██[38;2;16;16;16m██[38;2;98;121;134m██[38;2;98;121;134m██[38;2;98;121;134m██[38;2;98;121;134m██[38;2;98;121;134m██[38;2;98;121;134m██[38;2;153;171;201m██[38;2;16;16;16m██                                
                                        [38;2;16;16;16m██[38;2;16;16;16m██[38;2;16;16;16m██[38;2;16;16;16m██              [38;2;16;16;16m██[38;2;98;121;134m██[38;2;98;121;134m██[38;2;98;121;134m██[38;2;98;121;134m██[38;2;98;121;134m██[38;2;98;121;134m██[38;2;69;80;95m██                          [38;2;16;16;16m██[38;2;98;121;134m██[38;2;98;121;134m██[38;2;98;121;134m██[38;2;98;121;134m██[38;2;98;121;134m██[38;2;98;121;134m██[38;2;16;16;16m██                                
                                                              [38;2;16;16;16m██[38;2;98;121;134m██[38;2;98;121;134m██[38;2;98;121;134m██[38;2;98;121;134m██[38;2;98;121;134m██[38;2;98;121;134m██[38;2;16;16;16m██                            [38;2;16;16;16m██[38;2;16;16;16m██[38;2;16;16;16m██[38;2;16;16;16m██[38;2;16;16;16m██[38;2;16;16;16m██                                  
                                                                [38;2;16;16;16m██[38;2;98;121;134m██[38;2;98;121;134m██[38;2;98;121;134m██[38;2;98;121;134m██[38;2;98;121;134m██[38;2;16;16;16m██                                                                          
                                                                  [38;2;16;16;16m██[38;2;16;16;16m██[38;2;16;16;16m██[38;2;16;16;16m██[38;2;16;16;16m██                                                                            
[0mThese sprites are deprecated, please update pokeget as soon as possible.
