                                [38;2;77;109;243m██[38;2;77;109;243m██                  
                                [38;2;77;109;243m██[38;2;98;189;246m██[38;2;57;65;131m██                
          [38;2;77;109;243m██[38;2;57;65;131m██                  [38;2;57;65;131m██[38;2;98;189;246m██[38;2;98;189;246m██[38;2;77;109;243m██[38;2;77;109;243m██            
        [38;2;77;109;243m██[38;2;57;65;131m██[38;2;98;189;246m██[38;2;57;65;131m██[38;2;57;65;131m██[38;2;57;65;131m██            [38;2;57;65;131m██[38;2;57;65;131m██[38;2;98;189;246m██[38;2;98;189;246m██[38;2;98;189;246m██[38;2;57;65;131m██          
        [38;2;77;109;243m██[38;2;98;189;246m██[38;2;57;65;131m██[38;2;98;189;246m██[38;2;98;189;246m██[38;2;57;156;205m██[38;2;57;65;131m██[38;2;57;65;131m██        [38;2;57;65;131m██[38;2;98;189;246m██[38;2;98;189;246m██[38;2;98;189;246m██[38;2;98;189;246m██[38;2;98;189;246m██[38;2;57;65;131m██        
          [38;2;57;65;131m██[38;2;98;189;246m██[38;2;98;189;246m██[38;2;98;189;246m██[38;2;98;189;246m██[38;2;57;65;131m██[38;2;98;189;246m██[38;2;57;65;131m██        [38;2;57;65;131m██[38;2;98;189;246m██[38;2;98;189;246m██[38;2;98;189;246m██[38;2;98;189;246m██[38;2;57;65;131m██[38;2;77;109;243m██[38;2;57;65;131m██[38;2;57;65;131m██  
            [38;2;57;65;131m██[38;2;98;189;246m██[38;2;98;189;246m██[38;2;98;189;246m██[38;2;57;156;205m██[38;2;98;189;246m██[38;2;98;189;246m██[38;2;57;65;131m██    [38;2;57;65;131m██[38;2;57;65;131m██[38;2;57;65;131m██[38;2;98;189;246m██[38;2;98;189;246m██[38;2;98;189;246m██[38;2;57;65;131m██[38;2;77;109;243m██[38;2;98;189;246m██[38;2;57;65;131m██  
            [38;2;57;65;131m██[38;2;98;189;246m██[38;2;98;189;246m██[38;2;98;189;246m██[38;2;98;189;246m██[38;2;98;189;246m██[38;2;98;189;246m██[38;2;57;65;131m██    [38;2;57;65;131m██[38;2;98;189;246m██[38;2;98;189;246m██[38;2;98;189;246m██[38;2;57;156;205m██[38;2;98;189;246m██[38;2;98;189;246m██[38;2;98;189;246m██[38;2;16;16;16m██    
          [38;2;57;65;131m██[38;2;57;65;131m██[38;2;98;189;246m██[38;2;98;189;246m██[38;2;98;189;246m██[38;2;98;189;246m██[38;2;98;189;246m██[38;2;57;65;131m██        [38;2;16;16;16m██[38;2;57;156;205m██[38;2;98;189;246m██[38;2;77;109;243m██[38;2;57;156;205m██[38;2;98;189;246m██[38;2;57;156;205m██[38;2;16;16;16m██    
          [38;2;57;65;131m██[38;2;57;156;205m██[38;2;57;65;131m██[38;2;98;189;246m██[38;2;98;189;246m██[38;2;57;156;205m██[38;2;98;189;246m██[38;2;16;16;16m██        [38;2;16;16;16m██[38;2;77;109;243m██[38;2;57;156;205m██[38;2;77;109;243m██[38;2;77;109;243m██[38;2;98;189;246m██[38;2;77;109;243m██[38;2;77;109;243m██[38;2;57;65;131m██  
            [38;2;57;65;131m██[38;2;98;189;246m██[38;2;57;156;205m██[38;2;98;189;246m██[38;2;77;109;243m██[38;2;57;156;205m██[38;2;57;65;131m██[38;2;16;16;16m██[38;2;57;65;131m██    [38;2;57;65;131m██[38;2;77;109;243m██[38;2;77;109;243m██[38;2;77;109;243m██[38;2;77;109;243m██[38;2;57;156;205m██[38;2;77;109;243m██[38;2;77;109;243m██[38;2;57;65;131m██  
              [38;2;16;16;16m██[38;2;77;109;243m██[38;2;57;156;205m██[38;2;77;109;243m██[38;2;77;109;243m██[38;2;77;109;243m██[38;2;77;109;243m██[38;2;77;109;243m██[38;2;57;65;131m██[38;2;16;16;16m██[38;2;16;16;16m██[38;2;77;109;243m██[38;2;77;109;243m██[38;2;77;109;243m██[38;2;77;109;243m██[38;2;77;109;243m██[38;2;77;109;243m██[38;2;57;65;131m██    
              [38;2;16;16;16m██[38;2;77;109;243m██[38;2;77;109;243m██[38;2;77;109;243m██[38;2;77;109;243m██[38;2;77;109;243m██[38;2;77;109;243m██[38;2;57;65;131m██[38;2;57;156;205m██[38;2;57;156;205m██[38;2;77;109;243m██[38;2;57;65;131m██[38;2;77;109;243m██[38;2;77;109;243m██[38;2;77;109;243m██[38;2;77;109;243m██[38;2;77;109;243m██[38;2;57;65;131m██[38;2;16;16;16m██  
                [38;2;57;65;131m██[38;2;57;65;131m██[38;2;77;109;243m██[38;2;77;109;243m██[38;2;77;109;243m██[38;2;57;156;205m██[38;2;57;156;205m██[38;2;57;156;205m██[38;2;57;156;205m██[38;2;57;156;205m██[38;2;77;109;243m██[38;2;77;109;243m██[38;2;77;109;243m██[38;2;77;109;243m██[38;2;77;109;243m██[38;2;77;109;243m██[38;2;77;109;243m██[38;2;16;16;16m██  
                  [38;2;16;16;16m██[38;2;77;109;243m██[38;2;57;65;131m██[38;2;57;156;205m██[38;2;57;156;205m██[38;2;57;156;205m██[38;2;57;156;205m██[38;2;57;156;205m██[38;2;57;156;205m██[38;2;77;109;243m██[38;2;77;109;243m██[38;2;77;109;243m██[38;2;77;109;243m██[38;2;77;109;243m██[38;2;77;109;243m██[38;2;77;109;243m██[38;2;57;65;131m██  
                    [38;2;57;65;131m██[38;2;77;109;243m██[38;2;57;156;205m██[38;2;57;156;205m██[38;2;57;156;205m██[38;2;57;156;205m██[38;2;57;156;205m██[38;2;77;109;243m██[38;2;77;109;243m██[38;2;77;109;243m██[38;2;77;109;243m██[38;2;77;109;243m██[38;2;77;109;243m██[38;2;77;109;243m██[38;2;16;16;16m██    
                    [38;2;57;65;131m██[38;2;57;156;205m██[38;2;57;156;205m██[38;2;57;156;205m██[38;2;57;156;205m██[38;2;57;156;205m██[38;2;77;109;243m██[38;2;77;109;243m██[38;2;77;109;243m██[38;2;77;109;243m██[38;2;77;109;243m██[38;2;77;109;243m██[38;2;77;109;243m██[38;2;57;65;131m██[38;2;57;156;205m██[38;2;16;16;16m██  
                    [38;2;57;65;131m██[38;2;77;109;243m██[38;2;57;156;205m██[38;2;57;156;205m██[38;2;77;109;243m██[38;2;77;109;243m██[38;2;77;109;243m██[38;2;77;109;243m██[38;2;77;109;243m██[38;2;77;109;243m██[38;2;77;109;243m██[38;2;77;109;243m██[38;2;77;109;243m██[38;2;57;65;131m██[38;2;57;156;205m██[38;2;57;156;205m██[38;2;16;16;16m██
                    [38;2;57;65;131m██[38;2;77;109;243m██[38;2;77;109;243m██[38;2;77;109;243m██[38;2;77;109;243m██[38;2;77;109;243m██[38;2;77;109;243m██[38;2;77;109;243m██[38;2;77;109;243m██[38;2;77;109;243m██[38;2;77;109;243m██[38;2;77;109;243m██[38;2;77;109;243m██[38;2;77;109;243m██[38;2;77;109;243m██[38;2;57;156;205m██[38;2;16;16;16m██
                    [38;2;57;65;131m██[38;2;77;109;243m██[38;2;77;109;243m██[38;2;77;109;243m██[38;2;77;109;243m██[38;2;77;109;243m██[38;2;77;109;243m██[38;2;77;109;243m██[38;2;77;109;243m██[38;2;77;109;243m██[38;2;77;109;243m██[38;2;77;109;243m██[38;2;77;109;243m██[38;2;77;109;243m██[38;2;77;109;243m██[38;2;77;109;243m██[38;2;16;16;16m██
                    [38;2;57;65;131m██[38;2;77;109;243m██[38;2;77;109;243m██[38;2;77;109;243m██[38;2;77;109;243m██[38;2;77;109;243m██[38;2;77;109;243m██[38;2;77;109;243m██[38;2;77;109;243m██[38;2;77;109;243m██[38;2;77;109;243m██[38;2;77;109;243m██[38;2;77;109;243m██[38;2;77;109;243m██[38;2;77;109;243m██[38;2;16;16;16m██  
                      [38;2;57;65;131m██[38;2;77;109;243m██[38;2;77;109;243m██[38;2;77;109;243m██[38;2;77;109;243m██[38;2;77;109;243m██[38;2;77;109;243m██[38;2;77;109;243m██[38;2;77;109;243m██[38;2;77;109;243m██[38;2;77;109;243m██[38;2;77;109;243m██[38;2;77;109;243m██[38;2;57;65;131m██    
                      [38;2;16;16;16m██[38;2;77;109;243m██[38;2;77;109;243m██[38;2;77;109;243m██[38;2;77;109;243m██[38;2;77;109;243m██[38;2;77;109;243m██[38;2;77;109;243m██[38;2;77;109;243m██[38;2;77;109;243m██[38;2;77;109;243m██[38;2;16;16;16m██[38;2;77;109;243m██[38;2;16;16;16m██    
                        [38;2;16;16;16m██[38;2;77;109;243m██[38;2;77;109;243m██[38;2;77;109;243m██[38;2;77;109;243m██[38;2;77;109;243m██[38;2;77;109;243m██[38;2;77;109;243m██[38;2;77;109;243m██[38;2;57;65;131m██  [38;2;77;109;243m██[38;2;57;65;131m██    
                        [38;2;16;16;16m██[38;2;77;109;243m██[38;2;77;109;243m██[38;2;77;109;243m██[38;2;77;109;243m██[38;2;77;109;243m██[38;2;77;109;243m██[38;2;77;109;243m██[38;2;57;65;131m██  [38;2;57;65;131m██[38;2;77;109;243m██[38;2;77;109;243m██[38;2;57;65;131m██  
                        [38;2;16;16;16m██[38;2;77;109;243m██[38;2;77;109;243m██[38;2;77;109;243m██[38;2;77;109;243m██[38;2;77;109;243m██[38;2;77;109;243m██[38;2;77;109;243m██[38;2;16;16;16m██  [38;2;57;65;131m██[38;2;77;109;243m██[38;2;57;156;205m██[38;2;57;65;131m██  
                      [38;2;16;16;16m██[38;2;77;109;243m██[38;2;77;109;243m██[38;2;77;109;243m██[38;2;77;109;243m██[38;2;77;109;243m██[38;2;77;109;243m██[38;2;77;109;243m██[38;2;77;109;243m██[38;2;16;16;16m██  [38;2;57;65;131m██[38;2;77;109;243m██[38;2;77;109;243m██[38;2;16;16;16m██  
                      [38;2;16;16;16m██[38;2;77;109;243m██[38;2;77;109;243m██[38;2;77;109;243m██[38;2;77;109;243m██[38;2;77;109;243m██[38;2;77;109;243m██[38;2;77;109;243m██[38;2;77;109;243m██[38;2;77;109;243m██[38;2;16;16;16m██  [38;2;16;16;16m██[38;2;16;16;16m██    
                    [38;2;16;16;16m██[38;2;77;109;243m██[38;2;77;109;243m██[38;2;77;109;243m██[38;2;77;109;243m██[38;2;77;109;243m██[38;2;77;109;243m██[38;2;77;109;243m██[38;2;77;109;243m██[38;2;77;109;243m██[38;2;77;109;243m██[38;2;77;109;243m██[38;2;57;65;131m██[38;2;57;65;131m██      
                [38;2;57;65;131m██[38;2;57;65;131m██[38;2;57;156;205m██[38;2;77;109;243m██[38;2;77;109;243m██[38;2;77;109;243m██[38;2;77;109;243m██[38;2;77;109;243m██[38;2;77;109;243m██[38;2;77;109;243m██[38;2;77;109;243m██[38;2;77;109;243m██[38;2;77;109;243m██[38;2;77;109;243m██[38;2;57;156;205m██[38;2;57;156;205m██[38;2;57;65;131m██    
              [38;2;57;65;131m██[38;2;57;156;205m██[38;2;57;156;205m██[38;2;77;109;243m██[38;2;77;109;243m██[38;2;77;109;243m██[38;2;77;109;243m██[38;2;77;109;243m██[38;2;77;109;243m██[38;2;77;109;243m██[38;2;77;109;243m██[38;2;77;109;243m██[38;2;57;65;131m██[38;2;57;65;131m██[38;2;77;109;243m██[38;2;77;109;243m██[38;2;57;156;205m██[38;2;57;156;205m██[38;2;16;16;16m██  
              [38;2;57;65;131m██[38;2;57;156;205m██[38;2;57;156;205m██[38;2;57;156;205m██[38;2;77;109;243m██[38;2;77;109;243m██[38;2;77;109;243m██[38;2;77;109;243m██[38;2;77;109;243m██[38;2;77;109;243m██[38;2;77;109;243m██[38;2;57;65;131m██[38;2;57;156;205m██[38;2;57;156;205m██[38;2;57;65;131m██[38;2;77;109;243m██[38;2;77;109;243m██[38;2;57;156;205m██[38;2;57;156;205m██[38;2;16;16;16m██
      [38;2;57;65;131m██[38;2;57;65;131m██[38;2;57;65;131m██[38;2;57;65;131m██[38;2;77;109;243m██[38;2;57;156;205m██[38;2;57;156;205m██[38;2;57;156;205m██[38;2;57;156;205m██[38;2;57;156;205m██[38;2;77;109;243m██[38;2;77;109;243m██[38;2;77;109;243m██[38;2;77;109;243m██[38;2;77;109;243m██[38;2;77;109;243m██[38;2;77;109;243m██[38;2;77;109;243m██[38;2;77;109;243m██[38;2;77;109;243m██[38;2;77;109;243m██[38;2;77;109;243m██[38;2;77;109;243m██[38;2;16;16;16m██
  [38;2;57;65;131m██[38;2;57;65;131m██[38;2;57;156;205m██[38;2;57;156;205m██[38;2;57;156;205m██[38;2;57;156;205m██[38;2;57;156;205m██[38;2;57;156;205m██[38;2;57;156;205m██[38;2;57;156;205m██[38;2;57;156;205m██[38;2;57;156;205m██[38;2;57;156;205m██[38;2;57;156;205m██[38;2;77;109;243m██[38;2;77;109;243m██[38;2;77;109;243m██[38;2;77;109;243m██[38;2;77;109;243m██[38;2;77;109;243m██[38;2;77;109;243m██[38;2;77;109;243m██[38;2;77;109;243m██[38;2;77;109;243m██[38;2;57;65;131m██  
[38;2;57;65;131m██[38;2;57;156;205m██[38;2;57;156;205m██[38;2;77;109;243m██[38;2;57;65;131m██[38;2;57;156;205m██[38;2;57;156;205m██[38;2;57;156;205m██[38;2;57;156;205m██[38;2;57;156;205m██[38;2;77;109;243m██[38;2;57;65;131m██[38;2;57;65;131m██[38;2;77;109;243m██[38;2;77;109;243m██[38;2;77;109;243m██[38;2;77;109;243m██[38;2;77;109;243m██[38;2;77;109;243m██[38;2;77;109;243m██[38;2;77;109;243m██[38;2;77;109;243m██[38;2;77;109;243m██[38;2;77;109;243m██[38;2;16;16;16m██    
[38;2;16;16;16m██[38;2;77;109;243m██[38;2;57;156;205m██[38;2;57;156;205m██[38;2;57;156;205m██[38;2;57;156;205m██[38;2;77;109;243m██[38;2;77;109;243m██[38;2;57;156;205m██[38;2;77;109;243m██[38;2;57;65;131m██[38;2;57;156;205m██[38;2;57;156;205m██[38;2;57;65;131m██[38;2;77;109;243m██[38;2;77;109;243m██[38;2;77;109;243m██[38;2;77;109;243m██[38;2;77;109;243m██[38;2;77;109;243m██[38;2;77;109;243m██[38;2;77;109;243m██[38;2;77;109;243m██[38;2;77;109;243m██[38;2;77;109;243m██[38;2;16;16;16m██  
  [38;2;57;65;131m██[38;2;77;109;243m██[38;2;77;109;243m██[38;2;77;109;243m██[38;2;77;109;243m██[38;2;77;109;243m██[38;2;77;109;243m██[38;2;77;109;243m██[38;2;77;109;243m██[38;2;77;109;243m██[38;2;77;109;243m██[38;2;77;109;243m██[38;2;77;109;243m██[38;2;77;109;243m██[38;2;77;109;243m██[38;2;77;109;243m██[38;2;77;109;243m██[38;2;77;109;243m██[38;2;77;109;243m██[38;2;77;109;243m██[38;2;77;109;243m██[38;2;77;109;243m██[38;2;77;109;243m██[38;2;77;109;243m██[38;2;16;16;16m██  
  [38;2;16;16;16m██[38;2;77;109;243m██[38;2;77;109;243m██[38;2;77;109;243m██[38;2;77;109;243m██[38;2;57;65;131m██[38;2;57;65;131m██[38;2;77;109;243m██[38;2;77;109;243m██[38;2;77;109;243m██[38;2;77;109;243m██[38;2;77;109;243m██[38;2;77;109;243m██[38;2;77;109;243m██[38;2;77;109;243m██[38;2;77;109;243m██[38;2;77;109;243m██[38;2;77;109;243m██[38;2;77;109;243m██[38;2;77;109;243m██[38;2;77;109;243m██[38;2;77;109;243m██[38;2;77;109;243m██[38;2;16;16;16m██    
[38;2;57;65;131m██[38;2;77;109;243m██[38;2;77;109;243m██[38;2;77;109;243m██[38;2;77;109;243m██[38;2;57;65;131m██[38;2;57;156;205m██[38;2;77;109;243m██[38;2;57;65;131m██[38;2;77;109;243m██[38;2;77;109;243m██[38;2;77;109;243m██[38;2;77;109;243m██[38;2;77;109;243m██[38;2;77;109;243m██[38;2;77;109;243m██[38;2;77;109;243m██[38;2;16;16;16m██[38;2;16;16;16m██[38;2;16;16;16m██[38;2;16;16;16m██[38;2;16;16;16m██[38;2;57;65;131m██[38;2;57;65;131m██      
[38;2;57;65;131m██[38;2;77;109;243m██[38;2;77;109;243m██[38;2;77;109;243m██[38;2;77;109;243m██[38;2;77;109;243m██[38;2;77;109;243m██[38;2;77;109;243m██[38;2;77;109;243m██[38;2;77;109;243m██[38;2;77;109;243m██[38;2;77;109;243m██[38;2;77;109;243m██[38;2;77;109;243m██[38;2;77;109;243m██[38;2;16;16;16m██[38;2;16;16;16m██                    
[38;2;57;65;131m██[38;2;77;109;243m██[38;2;77;109;243m██[38;2;77;109;243m██[38;2;16;16;16m██[38;2;16;16;16m██[38;2;16;16;16m██[38;2;57;65;131m██[38;2;57;65;131m██[38;2;77;109;243m██[38;2;77;109;243m██[38;2;77;109;243m██[38;2;77;109;243m██[38;2;77;109;243m██[38;2;16;16;16m██                        
  [38;2;57;65;131m██[38;2;57;65;131m██[38;2;57;65;131m██          [38;2;57;65;131m██[38;2;57;65;131m██[38;2;16;16;16m██[38;2;16;16;16m██                            
[0mThese sprites are deprecated, please update pokeget as soon as possible.
