                      [38;2;43;43;47m██[38;2;43;43;47m██                                  
                    [38;2;43;43;47m██[38;2;171;172;183m██[38;2;43;43;47m██  [38;2;43;43;47m██[38;2;43;43;47m██                            
              [38;2;43;43;47m██[38;2;43;43;47m██[38;2;43;43;47m██[38;2;103;104;125m██[38;2;171;172;183m██[38;2;43;43;47m██[38;2;43;43;47m██[38;2;171;172;183m██[38;2;43;43;47m██                            
              [38;2;43;43;47m██[38;2;171;172;183m██[38;2;43;43;47m██[38;2;171;172;183m██[38;2;171;172;183m██[38;2;103;104;125m██[38;2;171;172;183m██[38;2;171;172;183m██[38;2;43;43;47m██[38;2;43;43;47m██[38;2;43;43;47m██[38;2;43;43;47m██[38;2;43;43;47m██    [38;2;38;41;48m██[38;2;38;41;48m██[38;2;38;41;48m██[38;2;38;41;48m██        
              [38;2;43;43;47m██[38;2;171;172;183m██[38;2;103;104;125m██[38;2;171;172;183m██[38;2;171;172;183m██[38;2;171;172;183m██[38;2;171;172;183m██[38;2;171;172;183m██[38;2;43;43;47m██[38;2;171;172;183m██[38;2;171;172;183m██[38;2;171;172;183m██[38;2;103;104;125m██[38;2;43;43;47m██[38;2;38;41;48m██[38;2;94;91;108m██[38;2;94;91;108m██[38;2;94;91;108m██[38;2;94;91;108m██[38;2;38;41;48m██      
              [38;2;43;43;47m██[38;2;171;172;183m██[38;2;171;172;183m██[38;2;171;172;183m██[38;2;171;172;183m██[38;2;171;172;183m██[38;2;171;172;183m██[38;2;171;172;183m██[38;2;171;172;183m██[38;2;171;172;183m██[38;2;171;172;183m██[38;2;171;172;183m██[38;2;171;172;183m██[38;2;38;41;48m██[38;2;94;91;108m██[38;2;16;17;20m██[38;2;16;17;20m██[38;2;16;17;20m██[38;2;16;17;20m██[38;2;94;91;108m██[38;2;38;41;48m██    
      [38;2;38;41;48m██[38;2;38;41;48m██[38;2;38;41;48m██  [38;2;43;43;47m██[38;2;171;172;183m██[38;2;171;172;183m██[38;2;171;172;183m██[38;2;171;172;183m██[38;2;171;172;183m██[38;2;171;172;183m██[38;2;171;172;183m██[38;2;171;172;183m██[38;2;171;172;183m██[38;2;171;172;183m██[38;2;171;172;183m██[38;2;171;172;183m██[38;2;38;41;48m██[38;2;16;17;20m██[38;2;16;17;20m██[38;2;16;17;20m██[38;2;16;17;20m██[38;2;16;17;20m██[38;2;94;91;108m██[38;2;38;41;48m██    
    [38;2;38;41;48m██[38;2;94;91;108m██[38;2;94;91;108m██[38;2;94;91;108m██[38;2;43;43;47m██[38;2;171;172;183m██[38;2;103;104;125m██[38;2;171;172;183m██[38;2;171;172;183m██[38;2;171;172;183m██[38;2;171;172;183m██[38;2;171;172;183m██[38;2;171;172;183m██[38;2;171;172;183m██[38;2;171;172;183m██[38;2;171;172;183m██[38;2;171;172;183m██[38;2;171;172;183m██[38;2;43;43;47m██[38;2;16;17;20m██[38;2;16;17;20m██[38;2;16;17;20m██[38;2;16;17;20m██[38;2;16;17;20m██[38;2;16;17;20m██[38;2;94;91;108m██[38;2;6;6;6m██  
  [38;2;38;41;48m██[38;2;94;91;108m██[38;2;16;17;20m██[38;2;16;17;20m██[38;2;43;43;47m██[38;2;171;172;183m██[38;2;171;172;183m██[38;2;171;172;183m██[38;2;171;172;183m██[38;2;171;172;183m██[38;2;171;172;183m██[38;2;171;172;183m██[38;2;171;172;183m██[38;2;171;172;183m██[38;2;171;172;183m██[38;2;171;172;183m██[38;2;171;172;183m██[38;2;171;172;183m██[38;2;171;172;183m██[38;2;171;172;183m██[38;2;171;172;183m██[38;2;103;104;125m██[38;2;16;17;20m██[38;2;16;17;20m██[38;2;16;17;20m██[38;2;16;17;20m██[38;2;94;91;108m██[38;2;6;6;6m██  
[38;2;38;41;48m██[38;2;94;91;108m██[38;2;16;17;20m██[38;2;16;17;20m██[38;2;43;43;47m██[38;2;171;172;183m██[38;2;171;172;183m██[38;2;171;172;183m██[38;2;171;172;183m██[38;2;171;172;183m██[38;2;171;172;183m██[38;2;171;172;183m██[38;2;171;172;183m██[38;2;171;172;183m██[38;2;171;172;183m██[38;2;171;172;183m██[38;2;171;172;183m██[38;2;171;172;183m██[38;2;171;172;183m██[38;2;171;172;183m██[38;2;171;172;183m██[38;2;171;172;183m██[38;2;171;172;183m██[38;2;171;172;183m██[38;2;16;17;20m██[38;2;16;17;20m██[38;2;16;17;20m██[38;2;94;91;108m██[38;2;6;6;6m██  
[38;2;38;41;48m██[38;2;16;17;20m██[38;2;16;17;20m██[38;2;38;41;48m██[38;2;43;43;47m██[38;2;171;172;183m██[38;2;171;172;183m██[38;2;171;172;183m██[38;2;171;172;183m██[38;2;171;172;183m██[38;2;171;172;183m██[38;2;171;172;183m██[38;2;171;172;183m██[38;2;171;172;183m██[38;2;171;172;183m██[38;2;171;172;183m██[38;2;171;172;183m██[38;2;171;172;183m██[38;2;171;172;183m██[38;2;171;172;183m██[38;2;171;172;183m██[38;2;171;172;183m██[38;2;171;172;183m██[38;2;171;172;183m██[38;2;103;104;125m██[38;2;16;17;20m██[38;2;16;17;20m██[38;2;16;17;20m██[38;2;6;6;6m██  
[38;2;6;6;6m██[38;2;38;41;48m██[38;2;38;41;48m██[38;2;6;6;6m██[38;2;171;172;183m██[38;2;171;172;183m██[38;2;171;172;183m██[38;2;171;172;183m██[38;2;171;172;183m██[38;2;171;172;183m██[38;2;171;172;183m██[38;2;171;172;183m██[38;2;171;172;183m██[38;2;171;172;183m██[38;2;171;172;183m██[38;2;171;172;183m██[38;2;171;172;183m██[38;2;171;172;183m██[38;2;171;172;183m██[38;2;171;172;183m██[38;2;171;172;183m██[38;2;171;172;183m██[38;2;171;172;183m██[38;2;171;172;183m██[38;2;171;172;183m██[38;2;43;43;47m██[38;2;16;17;20m██[38;2;16;17;20m██[38;2;6;6;6m██  
[38;2;6;6;6m██[38;2;38;41;48m██[38;2;38;41;48m██[38;2;6;6;6m██[38;2;171;172;183m██[38;2;171;172;183m██[38;2;171;172;183m██[38;2;171;172;183m██[38;2;171;172;183m██[38;2;171;172;183m██[38;2;171;172;183m██[38;2;171;172;183m██[38;2;171;172;183m██[38;2;171;172;183m██[38;2;171;172;183m██[38;2;171;172;183m██[38;2;171;172;183m██[38;2;171;172;183m██[38;2;171;172;183m██[38;2;171;172;183m██[38;2;171;172;183m██[38;2;171;172;183m██[38;2;171;172;183m██[38;2;171;172;183m██[38;2;171;172;183m██[38;2;103;104;125m██[38;2;16;17;20m██[38;2;38;41;48m██    
  [38;2;6;6;6m██[38;2;38;41;48m██[38;2;6;6;6m██[38;2;103;104;125m██[38;2;171;172;183m██[38;2;171;172;183m██[38;2;171;172;183m██[38;2;171;172;183m██[38;2;171;172;183m██[38;2;171;172;183m██[38;2;171;172;183m██[38;2;171;172;183m██[38;2;171;172;183m██[38;2;171;172;183m██[38;2;171;172;183m██[38;2;171;172;183m██[38;2;171;172;183m██[38;2;171;172;183m██[38;2;171;172;183m██[38;2;103;104;125m██[38;2;171;172;183m██[38;2;171;172;183m██[38;2;171;172;183m██[38;2;171;172;183m██[38;2;171;172;183m██[38;2;43;43;47m██[38;2;38;41;48m██    
    [38;2;6;6;6m██[38;2;6;6;6m██[38;2;16;17;20m██[38;2;171;172;183m██[38;2;171;172;183m██[38;2;171;172;183m██[38;2;171;172;183m██[38;2;171;172;183m██[38;2;171;172;183m██[38;2;171;172;183m██[38;2;171;172;183m██[38;2;171;172;183m██[38;2;171;172;183m██[38;2;171;172;183m██[38;2;171;172;183m██[38;2;171;172;183m██[38;2;171;172;183m██[38;2;16;17;20m██[38;2;16;17;20m██[38;2;171;172;183m██[38;2;171;172;183m██[38;2;171;172;183m██[38;2;171;172;183m██[38;2;171;172;183m██[38;2;171;172;183m██[38;2;103;104;125m██[38;2;6;6;6m██  
      [38;2;6;6;6m██[38;2;16;17;20m██[38;2;103;104;125m██[38;2;171;172;183m██[38;2;171;172;183m██[38;2;171;172;183m██[38;2;171;172;183m██[38;2;171;172;183m██[38;2;171;172;183m██[38;2;171;172;183m██[38;2;171;172;183m██[38;2;171;172;183m██[38;2;171;172;183m██[38;2;171;172;183m██[38;2;171;172;183m██[38;2;16;17;20m██[38;2;16;17;20m██[38;2;16;17;20m██[38;2;103;104;125m██[38;2;171;172;183m██[38;2;171;172;183m██[38;2;171;172;183m██[38;2;171;172;183m██[38;2;171;172;183m██[38;2;103;104;125m██[38;2;6;6;6m██  
      [38;2;6;6;6m██[38;2;94;91;108m██[38;2;16;17;20m██[38;2;103;104;125m██[38;2;171;172;183m██[38;2;171;172;183m██[38;2;171;172;183m██[38;2;171;172;183m██[38;2;171;172;183m██[38;2;171;172;183m██[38;2;171;172;183m██[38;2;171;172;183m██[38;2;103;104;125m██[38;2;16;17;20m██[38;2;94;91;108m██[38;2;252;252;252m██[38;2;16;17;20m██[38;2;16;17;20m██[38;2;16;17;20m██[38;2;171;172;183m██[38;2;171;172;183m██[38;2;171;172;183m██[38;2;171;172;183m██[38;2;103;104;125m██[38;2;103;104;125m██[38;2;6;6;6m██  
      [38;2;6;6;6m██[38;2;94;91;108m██[38;2;6;6;6m██[38;2;6;6;6m██[38;2;103;104;125m██[38;2;171;172;183m██[38;2;171;172;183m██[38;2;171;172;183m██[38;2;171;172;183m██[38;2;171;172;183m██[38;2;103;104;125m██[38;2;16;17;20m██[38;2;6;6;6m██[38;2;6;6;6m██[38;2;6;6;6m██[38;2;252;252;252m██[38;2;252;252;252m██[38;2;16;17;20m██[38;2;16;17;20m██[38;2;171;172;183m██[38;2;171;172;183m██[38;2;171;172;183m██[38;2;171;172;183m██[38;2;103;104;125m██[38;2;103;104;125m██[38;2;6;6;6m██  
      [38;2;6;6;6m██[38;2;252;252;252m██[38;2;6;6;6m██[38;2;6;6;6m██[38;2;171;172;183m██[38;2;171;172;183m██[38;2;171;172;183m██[38;2;171;172;183m██[38;2;171;172;183m██[38;2;171;172;183m██[38;2;171;172;183m██[38;2;16;17;20m██[38;2;6;6;6m██[38;2;6;6;6m██[38;2;6;6;6m██[38;2;252;252;252m██[38;2;252;252;252m██[38;2;16;17;20m██[38;2;16;17;20m██[38;2;171;172;183m██[38;2;171;172;183m██[38;2;171;172;183m██[38;2;103;104;125m██[38;2;103;104;125m██[38;2;6;6;6m██    
      [38;2;6;6;6m██[38;2;252;252;252m██[38;2;94;91;108m██[38;2;6;6;6m██[38;2;171;172;183m██[38;2;171;172;183m██[38;2;171;172;183m██[38;2;171;172;183m██[38;2;171;172;183m██[38;2;171;172;183m██[38;2;171;172;183m██[38;2;16;17;20m██[38;2;6;6;6m██[38;2;6;6;6m██[38;2;6;6;6m██[38;2;252;252;252m██[38;2;252;252;252m██[38;2;16;17;20m██[38;2;16;17;20m██[38;2;171;172;183m██[38;2;171;172;183m██[38;2;103;104;125m██[38;2;43;43;47m██[38;2;43;43;47m██[38;2;43;43;47m██[38;2;6;6;6m██  
        [38;2;6;6;6m██[38;2;94;91;108m██[38;2;16;17;20m██[38;2;171;172;183m██[38;2;16;17;20m██[38;2;16;17;20m██[38;2;16;17;20m██[38;2;103;104;125m██[38;2;171;172;183m██[38;2;171;172;183m██[38;2;16;17;20m██[38;2;16;17;20m██[38;2;6;6;6m██[38;2;252;252;252m██[38;2;252;252;252m██[38;2;94;91;108m██[38;2;16;17;20m██[38;2;103;104;125m██[38;2;103;104;125m██[38;2;103;104;125m██[38;2;103;104;125m██[38;2;103;104;125m██[38;2;171;172;183m██[38;2;171;172;183m██[38;2;6;6;6m██  
      [38;2;43;43;47m██[38;2;6;6;6m██[38;2;252;252;252m██[38;2;16;17;20m██[38;2;171;172;183m██[38;2;43;43;47m██[38;2;16;17;20m██[38;2;16;17;20m██[38;2;171;172;183m██[38;2;171;172;183m██[38;2;171;172;183m██[38;2;103;104;125m██[38;2;16;17;20m██[38;2;252;252;252m██[38;2;252;252;252m██[38;2;16;17;20m██[38;2;16;17;20m██[38;2;16;17;20m██[38;2;103;104;125m██[38;2;103;104;125m██[38;2;103;104;125m██[38;2;103;104;125m██[38;2;43;43;47m██[38;2;6;6;6m██[38;2;6;6;6m██    
    [38;2;43;43;47m██[38;2;171;172;183m██[38;2;103;104;125m██[38;2;103;104;125m██[38;2;103;104;125m██[38;2;171;172;183m██[38;2;171;172;183m██[38;2;43;43;47m██[38;2;103;104;125m██[38;2;171;172;183m██[38;2;171;172;183m██[38;2;171;172;183m██[38;2;171;172;183m██[38;2;103;104;125m██[38;2;16;17;20m██[38;2;16;17;20m██[38;2;16;17;20m██[38;2;16;17;20m██[38;2;103;104;125m██[38;2;103;104;125m██[38;2;103;104;125m██[38;2;103;104;125m██[38;2;43;43;47m██[38;2;6;6;6m██        
      [38;2;6;6;6m██[38;2;6;6;6m██[38;2;6;6;6m██[38;2;6;6;6m██[38;2;103;104;125m██[38;2;43;43;47m██[38;2;171;172;183m██[38;2;171;172;183m██[38;2;171;172;183m██[38;2;171;172;183m██[38;2;171;172;183m██[38;2;103;104;125m██[38;2;43;43;47m██[38;2;103;104;125m██[38;2;103;104;125m██[38;2;103;104;125m██[38;2;103;104;125m██[38;2;103;104;125m██[38;2;103;104;125m██[38;2;38;41;48m██[38;2;38;41;48m██[38;2;38;41;48m██[38;2;6;6;6m██        
              [38;2;6;6;6m██[38;2;6;6;6m██[38;2;6;6;6m██[38;2;43;43;47m██[38;2;43;43;47m██[38;2;43;43;47m██[38;2;43;43;47m██[38;2;43;43;47m██[38;2;103;104;125m██[38;2;103;104;125m██[38;2;103;104;125m██[38;2;103;104;125m██[38;2;43;43;47m██[38;2;38;41;48m██[38;2;38;41;48m██[38;2;16;17;20m██[38;2;16;17;20m██[38;2;16;17;20m██[38;2;16;17;20m██[38;2;38;41;48m██      
            [38;2;94;49;32m██[38;2;209;155;89m██[38;2;252;252;252m██[38;2;252;252;252m██[38;2;6;6;6m██[38;2;43;43;47m██[38;2;103;104;125m██[38;2;103;104;125m██[38;2;103;104;125m██[38;2;103;104;125m██[38;2;38;41;48m██[38;2;38;41;48m██[38;2;38;41;48m██[38;2;38;41;48m██[38;2;38;41;48m██[38;2;38;41;48m██[38;2;16;17;20m██[38;2;16;17;20m██[38;2;16;17;20m██[38;2;16;17;20m██[38;2;16;17;20m██[38;2;38;41;48m██    
          [38;2;94;49;32m██[38;2;209;155;89m██[38;2;209;155;89m██[38;2;209;155;89m██[38;2;38;41;48m██[38;2;38;41;48m██[38;2;6;6;6m██[38;2;38;41;48m██[38;2;38;41;48m██[38;2;38;41;48m██[38;2;38;41;48m██[38;2;38;41;48m██[38;2;38;41;48m██[38;2;38;41;48m██[38;2;38;41;48m██[38;2;38;41;48m██[38;2;38;41;48m██[38;2;38;41;48m██[38;2;16;17;20m██[38;2;16;17;20m██[38;2;16;17;20m██[38;2;16;17;20m██[38;2;38;41;48m██    
          [38;2;94;49;32m██[38;2;6;6;6m██[38;2;6;6;6m██[38;2;38;41;48m██[38;2;38;41;48m██[38;2;38;41;48m██[38;2;6;6;6m██[38;2;38;41;48m██[38;2;38;41;48m██[38;2;38;41;48m██[38;2;38;41;48m██[38;2;38;41;48m██[38;2;38;41;48m██[38;2;38;41;48m██[38;2;38;41;48m██[38;2;38;41;48m██[38;2;6;6;6m██[38;2;38;41;48m██[38;2;38;41;48m██[38;2;16;17;20m██[38;2;16;17;20m██[38;2;38;41;48m██[38;2;6;6;6m██    
              [38;2;6;6;6m██[38;2;38;41;48m██[38;2;38;41;48m██[38;2;6;6;6m██[38;2;38;41;48m██[38;2;16;17;20m██[38;2;38;41;48m██[38;2;38;41;48m██[38;2;38;41;48m██[38;2;38;41;48m██[38;2;38;41;48m██[38;2;94;91;108m██[38;2;38;41;48m██[38;2;38;41;48m██[38;2;38;41;48m██[38;2;6;6;6m██[38;2;38;41;48m██[38;2;38;41;48m██[38;2;38;41;48m██[38;2;6;6;6m██      
                [38;2;6;6;6m██[38;2;38;41;48m██[38;2;6;6;6m██[38;2;38;41;48m██[38;2;94;91;108m██[38;2;16;17;20m██[38;2;38;41;48m██[38;2;94;91;108m██[38;2;38;41;48m██[38;2;16;17;20m██[38;2;94;91;108m██[38;2;38;41;48m██[38;2;38;41;48m██[38;2;38;41;48m██[38;2;6;6;6m██[38;2;38;41;48m██[38;2;38;41;48m██[38;2;38;41;48m██[38;2;38;41;48m██[38;2;6;6;6m██    
                  [38;2;6;6;6m██[38;2;6;6;6m██[38;2;38;41;48m██[38;2;94;91;108m██[38;2;94;91;108m██[38;2;16;17;20m██[38;2;94;91;108m██[38;2;16;17;20m██[38;2;94;91;108m██[38;2;94;91;108m██[38;2;38;41;48m██[38;2;38;41;48m██[38;2;38;41;48m██[38;2;16;17;20m██[38;2;6;6;6m██[38;2;38;41;48m██[38;2;16;17;20m██[38;2;16;17;20m██[38;2;6;6;6m██    
                  [38;2;6;6;6m██[38;2;94;91;108m██[38;2;16;17;20m██[38;2;16;17;20m██[38;2;94;91;108m██[38;2;16;17;20m██[38;2;94;91;108m██[38;2;16;17;20m██[38;2;94;91;108m██[38;2;16;17;20m██[38;2;16;17;20m██[38;2;94;91;108m██[38;2;94;91;108m██[38;2;94;91;108m██[38;2;94;91;108m██[38;2;6;6;6m██[38;2;16;17;20m██[38;2;38;41;48m██[38;2;6;6;6m██[38;2;43;43;47m██  
                [38;2;6;6;6m██[38;2;38;41;48m██[38;2;94;91;108m██[38;2;94;91;108m██[38;2;16;17;20m██[38;2;94;91;108m██[38;2;94;91;108m██[38;2;94;91;108m██[38;2;94;91;108m██[38;2;94;91;108m██[38;2;16;17;20m██[38;2;94;91;108m██[38;2;94;91;108m██[38;2;94;91;108m██[38;2;94;91;108m██[38;2;94;91;108m██[38;2;94;91;108m██[38;2;6;6;6m██[38;2;6;6;6m██[38;2;103;104;125m██[38;2;103;104;125m██[38;2;43;43;47m██
                [38;2;6;6;6m██[38;2;16;17;20m██[38;2;16;17;20m██[38;2;94;91;108m██[38;2;94;91;108m██[38;2;94;91;108m██[38;2;94;91;108m██[38;2;94;91;108m██[38;2;94;91;108m██[38;2;94;91;108m██[38;2;94;91;108m██[38;2;94;91;108m██[38;2;94;91;108m██[38;2;94;91;108m██[38;2;94;91;108m██[38;2;94;91;108m██[38;2;94;91;108m██[38;2;16;17;20m██[38;2;6;6;6m██[38;2;103;104;125m██[38;2;103;104;125m██[38;2;43;43;47m██
                [38;2;6;6;6m██[38;2;16;17;20m██[38;2;16;17;20m██[38;2;16;17;20m██[38;2;16;17;20m██[38;2;94;91;108m██[38;2;94;91;108m██[38;2;94;91;108m██[38;2;94;91;108m██[38;2;94;91;108m██[38;2;94;91;108m██[38;2;94;91;108m██[38;2;94;91;108m██[38;2;94;91;108m██[38;2;94;91;108m██[38;2;94;91;108m██[38;2;94;91;108m██[38;2;16;17;20m██[38;2;6;6;6m██[38;2;103;104;125m██[38;2;6;6;6m██  
                [38;2;6;6;6m██[38;2;16;17;20m██[38;2;16;17;20m██[38;2;16;17;20m██[38;2;16;17;20m██[38;2;16;17;20m██[38;2;38;41;48m██[38;2;6;6;6m██[38;2;6;6;6m██[38;2;6;6;6m██[38;2;6;6;6m██[38;2;38;41;48m██[38;2;94;91;108m██[38;2;94;91;108m██[38;2;94;91;108m██[38;2;94;91;108m██[38;2;16;17;20m██[38;2;16;17;20m██[38;2;6;6;6m██[38;2;6;6;6m██    
                  [38;2;6;6;6m██[38;2;38;41;48m██[38;2;38;41;48m██[38;2;38;41;48m██[38;2;38;41;48m██[38;2;6;6;6m██          [38;2;38;41;48m██[38;2;16;17;20m██[38;2;16;17;20m██[38;2;16;17;20m██[38;2;16;17;20m██[38;2;6;6;6m██        
                [38;2;38;41;48m██[38;2;16;17;20m██[38;2;38;41;48m██[38;2;16;17;20m██[38;2;38;41;48m██[38;2;6;6;6m██              [38;2;6;6;6m██[38;2;38;41;48m██[38;2;38;41;48m██[38;2;38;41;48m██[38;2;38;41;48m██[38;2;38;41;48m██      
                [38;2;6;6;6m██[38;2;6;6;6m██[38;2;6;6;6m██[38;2;6;6;6m██[38;2;6;6;6m██                [38;2;6;6;6m██[38;2;38;41;48m██[38;2;16;17;20m██[38;2;38;41;48m██[38;2;16;17;20m██[38;2;38;41;48m██      
                                            [38;2;6;6;6m██[38;2;6;6;6m██[38;2;6;6;6m██[38;2;6;6;6m██[38;2;6;6;6m██      
[0mThese sprites are deprecated, please update pokeget as soon as possible.
