                                        [38;2;19;58;12m██[38;2;19;58;12m██                        
                                        [38;2;19;58;12m██[38;2;82;153;70m██[38;2;19;58;12m██        [38;2;19;58;12m██[38;2;19;58;12m██          
                                        [38;2;19;58;12m██[38;2;82;153;70m██[38;2;82;153;70m██[38;2;19;58;12m██      [38;2;19;58;12m██[38;2;82;153;70m██[38;2;19;58;12m██        
                                        [38;2;19;58;12m██[38;2;82;153;70m██[38;2;82;153;70m██[38;2;82;153;70m██[38;2;19;58;12m██    [38;2;19;58;12m██[38;2;82;153;70m██[38;2;19;58;12m██        
                                [38;2;19;58;12m██[38;2;19;58;12m██      [38;2;16;16;16m██[38;2;82;153;70m██[38;2;82;153;70m██[38;2;40;102;29m██[38;2;19;58;12m██  [38;2;19;58;12m██[38;2;82;153;70m██[38;2;82;153;70m██[38;2;19;58;12m██      
                                [38;2;19;58;12m██[38;2;82;153;70m██[38;2;19;58;12m██    [38;2;16;16;16m██[38;2;82;153;70m██[38;2;82;153;70m██[38;2;82;153;70m██[38;2;16;16;16m██  [38;2;19;58;12m██[38;2;40;102;29m██[38;2;82;153;70m██[38;2;16;16;16m██      
      [38;2;19;58;12m██[38;2;19;58;12m██[38;2;19;58;12m██[38;2;19;58;12m██[38;2;19;58;12m██                [38;2;19;58;12m██[38;2;82;153;70m██[38;2;82;153;70m██[38;2;19;58;12m██  [38;2;16;16;16m██[38;2;82;153;70m██[38;2;82;153;70m██[38;2;82;153;70m██[38;2;82;153;70m██[38;2;16;16;16m██[38;2;19;58;12m██[38;2;40;102;29m██[38;2;40;102;29m██[38;2;16;16;16m██      
    [38;2;19;58;12m██[38;2;82;153;70m██[38;2;82;153;70m██[38;2;82;153;70m██[38;2;40;102;29m██[38;2;40;102;29m██[38;2;19;58;12m██[38;2;19;58;12m██[38;2;19;58;12m██[38;2;19;58;12m██          [38;2;19;58;12m██[38;2;82;153;70m██[38;2;40;102;29m██[38;2;19;58;12m██[38;2;16;16;16m██[38;2;40;102;29m██[38;2;82;153;70m██[38;2;82;153;70m██[38;2;82;153;70m██[38;2;82;153;70m██[38;2;16;16;16m██[38;2;40;102;29m██[38;2;40;102;29m██[38;2;40;102;29m██[38;2;16;16;16m██    
      [38;2;19;58;12m██[38;2;82;153;70m██[38;2;82;153;70m██[38;2;82;153;70m██[38;2;40;102;29m██[38;2;40;102;29m██[38;2;40;102;29m██[38;2;40;102;29m██[38;2;40;102;29m██[38;2;19;58;12m██[38;2;19;58;12m██[38;2;19;58;12m██[38;2;19;58;12m██  [38;2;19;58;12m██[38;2;40;102;29m██[38;2;82;153;70m██[38;2;40;102;29m██[38;2;19;58;12m██[38;2;16;16;16m██[38;2;40;102;29m██[38;2;82;153;70m██[38;2;82;153;70m██[38;2;82;153;70m██[38;2;16;16;16m██[38;2;40;102;29m██[38;2;40;102;29m██[38;2;40;102;29m██[38;2;16;16;16m██    
        [38;2;19;58;12m██[38;2;40;102;29m██[38;2;82;153;70m██[38;2;82;153;70m██[38;2;82;153;70m██[38;2;40;102;29m██[38;2;40;102;29m██[38;2;40;102;29m██[38;2;40;102;29m██[38;2;40;102;29m██[38;2;40;102;29m██[38;2;40;102;29m██[38;2;19;58;12m██[38;2;16;16;16m██[38;2;16;16;16m██[38;2;82;153;70m██[38;2;40;102;29m██[38;2;40;102;29m██[38;2;16;16;16m██[38;2;40;102;29m██[38;2;40;102;29m██[38;2;82;153;70m██[38;2;82;153;70m██[38;2;82;153;70m██[38;2;16;16;16m██[38;2;40;102;29m██[38;2;40;102;29m██[38;2;16;16;16m██    
          [38;2;19;58;12m██[38;2;19;58;12m██[38;2;82;153;70m██[38;2;82;153;70m██[38;2;82;153;70m██[38;2;40;102;29m██[38;2;40;102;29m██[38;2;40;102;29m██[38;2;40;102;29m██[38;2;40;102;29m██[38;2;40;102;29m██[38;2;40;102;29m██[38;2;40;102;29m██[38;2;16;16;16m██[38;2;40;102;29m██[38;2;40;102;29m██[38;2;40;102;29m██[38;2;16;16;16m██[38;2;40;102;29m██[38;2;40;102;29m██[38;2;40;102;29m██[38;2;40;102;29m██[38;2;82;153;70m██[38;2;40;102;29m██[38;2;16;16;16m██[38;2;40;102;29m██[38;2;40;102;29m██[38;2;19;58;12m██  
              [38;2;19;58;12m██[38;2;40;102;29m██[38;2;40;102;29m██[38;2;40;102;29m██[38;2;40;102;29m██[38;2;40;102;29m██[38;2;40;102;29m██[38;2;40;102;29m██[38;2;40;102;29m██[38;2;40;102;29m██[38;2;40;102;29m██[38;2;19;58;12m██[38;2;16;16;16m██[38;2;40;102;29m██[38;2;40;102;29m██[38;2;16;16;16m██[38;2;40;102;29m██[38;2;40;102;29m██[38;2;40;102;29m██[38;2;40;102;29m██[38;2;40;102;29m██[38;2;40;102;29m██[38;2;40;102;29m██[38;2;16;16;16m██[38;2;40;102;29m██[38;2;19;58;12m██  
                [38;2;19;58;12m██[38;2;40;102;29m██[38;2;40;102;29m██[38;2;40;102;29m██[38;2;40;102;29m██[38;2;40;102;29m██[38;2;40;102;29m██[38;2;40;102;29m██[38;2;16;16;16m██[38;2;16;16;16m██[38;2;40;102;29m██[38;2;16;16;16m██[38;2;40;102;29m██[38;2;19;58;12m██[38;2;16;16;16m██[38;2;40;102;29m██[38;2;40;102;29m██[38;2;40;102;29m██[38;2;40;102;29m██[38;2;40;102;29m██[38;2;40;102;29m██[38;2;40;102;29m██[38;2;40;102;29m██[38;2;16;16;16m██[38;2;19;58;12m██  
                  [38;2;19;58;12m██[38;2;40;102;29m██[38;2;40;102;29m██[38;2;40;102;29m██[38;2;40;102;29m██[38;2;16;16;16m██[38;2;19;58;12m██[38;2;19;58;12m██[38;2;40;102;29m██[38;2;40;102;29m██[38;2;16;16;16m██[38;2;19;58;12m██[38;2;40;102;29m██[38;2;40;102;29m██[38;2;19;58;12m██[38;2;40;102;29m██[38;2;40;102;29m██[38;2;40;102;29m██[38;2;40;102;29m██[38;2;40;102;29m██[38;2;40;102;29m██[38;2;40;102;29m██[38;2;19;58;12m██[38;2;16;16;16m██  
                    [38;2;19;58;12m██[38;2;40;102;29m██[38;2;40;102;29m██[38;2;19;58;12m██[38;2;19;58;12m██[38;2;82;153;70m██[38;2;82;153;70m██[38;2;19;58;12m██[38;2;19;58;12m██[38;2;19;58;12m██[38;2;40;102;29m██[38;2;40;102;29m██[38;2;40;102;29m██[38;2;16;16;16m██[38;2;40;102;29m██[38;2;40;102;29m██[38;2;40;102;29m██[38;2;40;102;29m██[38;2;40;102;29m██[38;2;40;102;29m██[38;2;40;102;29m██[38;2;40;102;29m██[38;2;16;16;16m██  
  [38;2;19;58;12m██[38;2;19;58;12m██[38;2;19;58;12m██[38;2;16;16;16m██[38;2;16;16;16m██[38;2;16;16;16m██[38;2;16;16;16m██[38;2;16;16;16m██[38;2;16;16;16m██[38;2;40;102;29m██[38;2;40;102;29m██[38;2;19;58;12m██[38;2;40;102;29m██[38;2;19;58;12m██[38;2;40;102;29m██[38;2;82;153;70m██[38;2;82;153;70m██[38;2;82;153;70m██[38;2;40;102;29m██[38;2;19;58;12m██[38;2;19;58;12m██[38;2;40;102;29m██[38;2;16;16;16m██[38;2;40;102;29m██[38;2;40;102;29m██[38;2;40;102;29m██[38;2;40;102;29m██[38;2;40;102;29m██[38;2;40;102;29m██[38;2;40;102;29m██[38;2;40;102;29m██[38;2;19;58;12m██  
[38;2;19;58;12m██[38;2;82;153;70m██[38;2;82;153;70m██[38;2;82;153;70m██[38;2;40;102;29m██[38;2;40;102;29m██[38;2;40;102;29m██[38;2;40;102;29m██[38;2;40;102;29m██[38;2;40;102;29m██[38;2;40;102;29m██[38;2;19;58;12m██[38;2;40;102;29m██[38;2;40;102;29m██[38;2;40;102;29m██[38;2;16;16;16m██[38;2;40;102;29m██[38;2;82;153;70m██[38;2;82;153;70m██[38;2;82;153;70m██[38;2;82;153;70m██[38;2;40;102;29m██[38;2;19;58;12m██[38;2;16;16;16m██[38;2;40;102;29m██[38;2;40;102;29m██[38;2;40;102;29m██[38;2;40;102;29m██[38;2;40;102;29m██[38;2;40;102;29m██[38;2;40;102;29m██[38;2;40;102;29m██[38;2;40;102;29m██[38;2;16;16;16m██
  [38;2;19;58;12m██[38;2;82;153;70m██[38;2;82;153;70m██[38;2;82;153;70m██[38;2;40;102;29m██[38;2;40;102;29m██[38;2;40;102;29m██[38;2;40;102;29m██[38;2;40;102;29m██[38;2;40;102;29m██[38;2;40;102;29m██[38;2;40;102;29m██[38;2;40;102;29m██[38;2;40;102;29m██[38;2;40;102;29m██[38;2;16;16;16m██[38;2;40;102;29m██[38;2;40;102;29m██[38;2;82;153;70m██[38;2;82;153;70m██[38;2;82;153;70m██[38;2;40;102;29m██[38;2;19;58;12m██[38;2;19;58;12m██[38;2;40;102;29m██[38;2;40;102;29m██[38;2;40;102;29m██[38;2;40;102;29m██[38;2;40;102;29m██[38;2;40;102;29m██[38;2;40;102;29m██[38;2;19;58;12m██[38;2;16;16;16m██
    [38;2;19;58;12m██[38;2;19;58;12m██[38;2;82;153;70m██[38;2;82;153;70m██[38;2;40;102;29m██[38;2;40;102;29m██[38;2;40;102;29m██[38;2;40;102;29m██[38;2;40;102;29m██[38;2;40;102;29m██[38;2;40;102;29m██[38;2;40;102;29m██[38;2;40;102;29m██[38;2;40;102;29m██[38;2;16;16;16m██[38;2;40;102;29m██[38;2;40;102;29m██[38;2;40;102;29m██[38;2;40;102;29m██[38;2;40;102;29m██[38;2;40;102;29m██[38;2;40;102;29m██[38;2;40;102;29m██[38;2;19;58;12m██[38;2;40;102;29m██[38;2;40;102;29m██[38;2;40;102;29m██[38;2;40;102;29m██[38;2;40;102;29m██[38;2;40;102;29m██[38;2;16;16;16m██[38;2;16;16;16m██
        [38;2;16;16;16m██[38;2;40;102;29m██[38;2;40;102;29m██[38;2;40;102;29m██[38;2;40;102;29m██[38;2;40;102;29m██[38;2;19;58;12m██[38;2;40;102;29m██[38;2;40;102;29m██[38;2;40;102;29m██[38;2;82;153;70m██[38;2;82;153;70m██[38;2;82;153;70m██[38;2;16;16;16m██[38;2;40;102;29m██[38;2;40;102;29m██[38;2;40;102;29m██[38;2;40;102;29m██[38;2;40;102;29m██[38;2;40;102;29m██[38;2;40;102;29m██[38;2;40;102;29m██[38;2;40;102;29m██[38;2;40;102;29m██[38;2;40;102;29m██[38;2;40;102;29m██[38;2;40;102;29m██[38;2;40;102;29m██[38;2;19;58;12m██[38;2;16;16;16m██
          [38;2;16;16;16m██[38;2;19;58;12m██[38;2;40;102;29m██[38;2;40;102;29m██[38;2;40;102;29m██[38;2;19;58;12m██[38;2;40;102;29m██[38;2;82;153;70m██[38;2;82;153;70m██[38;2;82;153;70m██[38;2;82;153;70m██[38;2;82;153;70m██[38;2;82;153;70m██[38;2;16;16;16m██[38;2;40;102;29m██[38;2;40;102;29m██[38;2;40;102;29m██[38;2;40;102;29m██[38;2;40;102;29m██[38;2;40;102;29m██[38;2;40;102;29m██[38;2;40;102;29m██[38;2;40;102;29m██[38;2;40;102;29m██[38;2;40;102;29m██[38;2;40;102;29m██[38;2;40;102;29m██[38;2;82;153;70m██[38;2;16;16;16m██
              [38;2;16;16;16m██[38;2;40;102;29m██[38;2;19;58;12m██[38;2;40;102;29m██[38;2;82;153;70m██[38;2;82;153;70m██[38;2;82;153;70m██[38;2;82;153;70m██[38;2;82;153;70m██[38;2;82;153;70m██[38;2;82;153;70m██[38;2;40;102;29m██[38;2;16;16;16m██[38;2;40;102;29m██[38;2;40;102;29m██[38;2;40;102;29m██[38;2;40;102;29m██[38;2;40;102;29m██[38;2;40;102;29m██[38;2;40;102;29m██[38;2;40;102;29m██[38;2;40;102;29m██[38;2;40;102;29m██[38;2;40;102;29m██[38;2;19;58;12m██[38;2;19;58;12m██[38;2;16;16;16m██
                [38;2;16;16;16m██[38;2;19;58;12m██[38;2;82;153;70m██[38;2;82;153;70m██[38;2;82;153;70m██[38;2;82;153;70m██[38;2;82;153;70m██[38;2;82;153;70m██[38;2;82;153;70m██[38;2;82;153;70m██[38;2;40;102;29m██[38;2;19;58;12m██[38;2;19;58;12m██[38;2;40;102;29m██[38;2;40;102;29m██[38;2;40;102;29m██[38;2;40;102;29m██[38;2;40;102;29m██[38;2;40;102;29m██[38;2;40;102;29m██[38;2;40;102;29m██[38;2;40;102;29m██[38;2;19;58;12m██[38;2;16;16;16m██[38;2;16;16;16m██  
                  [38;2;16;16;16m██[38;2;82;153;70m██[38;2;82;153;70m██[38;2;82;153;70m██[38;2;82;153;70m██[38;2;82;153;70m██[38;2;82;153;70m██[38;2;82;153;70m██[38;2;82;153;70m██[38;2;82;153;70m██[38;2;40;102;29m██[38;2;16;16;16m██[38;2;40;102;29m██[38;2;40;102;29m██[38;2;40;102;29m██[38;2;40;102;29m██[38;2;40;102;29m██[38;2;40;102;29m██[38;2;40;102;29m██[38;2;40;102;29m██[38;2;40;102;29m██[38;2;16;16;16m██[38;2;16;16;16m██[38;2;16;16;16m██  
              [38;2;19;58;12m██[38;2;16;16;16m██[38;2;82;153;70m██[38;2;82;153;70m██[38;2;82;153;70m██[38;2;82;153;70m██[38;2;82;153;70m██[38;2;82;153;70m██[38;2;82;153;70m██[38;2;82;153;70m██[38;2;82;153;70m██[38;2;82;153;70m██[38;2;40;102;29m██[38;2;40;102;29m██[38;2;19;58;12m██[38;2;16;16;16m██[38;2;40;102;29m██[38;2;40;102;29m██[38;2;40;102;29m██[38;2;40;102;29m██[38;2;40;102;29m██[38;2;40;102;29m██[38;2;40;102;29m██[38;2;16;16;16m██[38;2;16;16;16m██    
        [38;2;19;58;12m██[38;2;19;58;12m██[38;2;19;58;12m██[38;2;40;102;29m██[38;2;19;58;12m██[38;2;82;153;70m██[38;2;82;153;70m██[38;2;82;153;70m██[38;2;82;153;70m██[38;2;82;153;70m██[38;2;82;153;70m██[38;2;82;153;70m██[38;2;82;153;70m██[38;2;82;153;70m██[38;2;40;102;29m██[38;2;16;16;16m██[38;2;16;16;16m██[38;2;16;16;16m██[38;2;40;102;29m██[38;2;40;102;29m██[38;2;40;102;29m██[38;2;40;102;29m██[38;2;40;102;29m██[38;2;40;102;29m██[38;2;40;102;29m██[38;2;19;58;12m██[38;2;16;16;16m██[38;2;16;16;16m██    
      [38;2;19;58;12m██[38;2;82;153;70m██[38;2;82;153;70m██[38;2;82;153;70m██[38;2;40;102;29m██[38;2;19;58;12m██[38;2;82;153;70m██[38;2;82;153;70m██[38;2;19;58;12m██[38;2;19;58;12m██[38;2;19;58;12m██[38;2;19;58;12m██[38;2;16;16;16m██[38;2;16;16;16m██[38;2;16;16;16m██[38;2;16;16;16m██[38;2;40;102;29m██[38;2;40;102;29m██[38;2;40;102;29m██[38;2;40;102;29m██[38;2;40;102;29m██[38;2;40;102;29m██[38;2;40;102;29m██[38;2;40;102;29m██[38;2;40;102;29m██[38;2;40;102;29m██[38;2;16;16;16m██[38;2;16;16;16m██      
      [38;2;16;16;16m██[38;2;16;16;16m██[38;2;82;153;70m██[38;2;40;102;29m██[38;2;19;58;12m██[38;2;40;102;29m██[38;2;19;58;12m██[38;2;19;58;12m██[38;2;82;153;70m██[38;2;82;153;70m██[38;2;82;153;70m██[38;2;19;58;12m██[38;2;82;153;70m██[38;2;82;153;70m██[38;2;82;153;70m██[38;2;82;153;70m██[38;2;82;153;70m██[38;2;40;102;29m██[38;2;40;102;29m██[38;2;40;102;29m██[38;2;40;102;29m██[38;2;40;102;29m██[38;2;40;102;29m██[38;2;40;102;29m██[38;2;40;102;29m██[38;2;40;102;29m██[38;2;19;58;12m██[38;2;16;16;16m██      
          [38;2;16;16;16m██[38;2;16;16;16m██[38;2;19;58;12m██[38;2;19;58;12m██[38;2;82;153;70m██[38;2;82;153;70m██[38;2;82;153;70m██[38;2;82;153;70m██[38;2;82;153;70m██[38;2;16;16;16m██[38;2;16;16;16m██[38;2;82;153;70m██[38;2;82;153;70m██[38;2;40;102;29m██[38;2;40;102;29m██[38;2;40;102;29m██[38;2;40;102;29m██[38;2;40;102;29m██[38;2;40;102;29m██[38;2;40;102;29m██[38;2;40;102;29m██[38;2;40;102;29m██[38;2;40;102;29m██[38;2;82;153;70m██[38;2;82;153;70m██[38;2;16;16;16m██      
              [38;2;16;16;16m██[38;2;40;102;29m██[38;2;40;102;29m██[38;2;82;153;70m██[38;2;82;153;70m██[38;2;82;153;70m██[38;2;40;102;29m██[38;2;40;102;29m██[38;2;40;102;29m██[38;2;19;58;12m██[38;2;19;58;12m██[38;2;40;102;29m██[38;2;40;102;29m██[38;2;40;102;29m██[38;2;40;102;29m██[38;2;40;102;29m██[38;2;40;102;29m██[38;2;40;102;29m██[38;2;40;102;29m██[38;2;40;102;29m██[38;2;40;102;29m██[38;2;82;153;70m██[38;2;82;153;70m██[38;2;16;16;16m██      
              [38;2;16;16;16m██[38;2;40;102;29m██[38;2;40;102;29m██[38;2;40;102;29m██[38;2;40;102;29m██[38;2;40;102;29m██[38;2;40;102;29m██[38;2;40;102;29m██[38;2;40;102;29m██[38;2;40;102;29m██[38;2;40;102;29m██[38;2;16;16;16m██[38;2;16;16;16m██[38;2;19;58;12m██[38;2;40;102;29m██[38;2;40;102;29m██[38;2;40;102;29m██[38;2;40;102;29m██[38;2;40;102;29m██[38;2;40;102;29m██[38;2;40;102;29m██[38;2;82;153;70m██[38;2;19;58;12m██        
              [38;2;16;16;16m██[38;2;40;102;29m██[38;2;40;102;29m██[38;2;40;102;29m██[38;2;40;102;29m██[38;2;40;102;29m██[38;2;40;102;29m██[38;2;40;102;29m██[38;2;40;102;29m██[38;2;40;102;29m██[38;2;40;102;29m██[38;2;40;102;29m██[38;2;40;102;29m██[38;2;40;102;29m██[38;2;16;16;16m██[38;2;19;58;12m██[38;2;40;102;29m██[38;2;40;102;29m██[38;2;40;102;29m██[38;2;40;102;29m██[38;2;82;153;70m██[38;2;82;153;70m██[38;2;16;16;16m██        
            [38;2;19;58;12m██[38;2;16;16;16m██[38;2;40;102;29m██[38;2;40;102;29m██[38;2;40;102;29m██[38;2;40;102;29m██[38;2;40;102;29m██[38;2;40;102;29m██[38;2;40;102;29m██[38;2;40;102;29m██[38;2;40;102;29m██[38;2;40;102;29m██[38;2;40;102;29m██[38;2;40;102;29m██[38;2;40;102;29m██[38;2;40;102;29m██[38;2;40;102;29m██[38;2;16;16;16m██[38;2;40;102;29m██[38;2;40;102;29m██[38;2;40;102;29m██[38;2;82;153;70m██[38;2;19;58;12m██          
        [38;2;19;58;12m██[38;2;19;58;12m██[38;2;40;102;29m██[38;2;16;16;16m██[38;2;40;102;29m██[38;2;40;102;29m██[38;2;40;102;29m██[38;2;40;102;29m██[38;2;40;102;29m██[38;2;40;102;29m██[38;2;40;102;29m██[38;2;40;102;29m██[38;2;40;102;29m██[38;2;40;102;29m██[38;2;40;102;29m██[38;2;40;102;29m██[38;2;40;102;29m██[38;2;40;102;29m██[38;2;40;102;29m██[38;2;40;102;29m██[38;2;16;16;16m██[38;2;40;102;29m██[38;2;40;102;29m██[38;2;40;102;29m██[38;2;16;16;16m██          
      [38;2;19;58;12m██[38;2;82;153;70m██[38;2;82;153;70m██[38;2;40;102;29m██[38;2;16;16;16m██[38;2;40;102;29m██[38;2;40;102;29m██[38;2;40;102;29m██[38;2;40;102;29m██[38;2;40;102;29m██[38;2;40;102;29m██[38;2;40;102;29m██[38;2;40;102;29m██[38;2;40;102;29m██[38;2;40;102;29m██[38;2;40;102;29m██[38;2;40;102;29m██[38;2;40;102;29m██[38;2;40;102;29m██[38;2;40;102;29m██[38;2;40;102;29m██[38;2;16;16;16m██[38;2;40;102;29m██[38;2;40;102;29m██[38;2;16;16;16m██            
      [38;2;19;58;12m██[38;2;82;153;70m██[38;2;40;102;29m██[38;2;40;102;29m██[38;2;16;16;16m██[38;2;40;102;29m██[38;2;40;102;29m██[38;2;19;58;12m██[38;2;19;58;12m██[38;2;19;58;12m██[38;2;19;58;12m██[38;2;19;58;12m██[38;2;40;102;29m██[38;2;40;102;29m██[38;2;40;102;29m██[38;2;40;102;29m██[38;2;40;102;29m██[38;2;19;58;12m██[38;2;19;58;12m██[38;2;19;58;12m██[38;2;19;58;12m██[38;2;40;102;29m██[38;2;40;102;29m██[38;2;16;16;16m██              
        [38;2;16;16;16m██[38;2;16;16;16m██[38;2;40;102;29m██[38;2;16;16;16m██[38;2;19;58;12m██[38;2;19;58;12m██[38;2;40;102;29m██[38;2;40;102;29m██[38;2;40;102;29m██[38;2;40;102;29m██[38;2;40;102;29m██[38;2;19;58;12m██[38;2;19;58;12m██[38;2;40;102;29m██[38;2;40;102;29m██[38;2;19;58;12m██[38;2;40;102;29m██[38;2;40;102;29m██[38;2;40;102;29m██[38;2;16;16;16m██[38;2;16;16;16m██[38;2;16;16;16m██                
            [38;2;16;16;16m██[38;2;16;16;16m██[38;2;40;102;29m██[38;2;40;102;29m██[38;2;40;102;29m██[38;2;40;102;29m██[38;2;40;102;29m██[38;2;40;102;29m██[38;2;40;102;29m██[38;2;40;102;29m██[38;2;40;102;29m██[38;2;19;58;12m██[38;2;40;102;29m██[38;2;16;16;16m██[38;2;40;102;29m██[38;2;40;102;29m██[38;2;82;153;70m██[38;2;16;16;16m██[38;2;16;16;16m██                  
                [38;2;16;16;16m██[38;2;40;102;29m██[38;2;40;102;29m██[38;2;40;102;29m██[38;2;40;102;29m██[38;2;40;102;29m██[38;2;40;102;29m██[38;2;40;102;29m██[38;2;40;102;29m██[38;2;40;102;29m██[38;2;19;58;12m██[38;2;19;58;12m██[38;2;40;102;29m██[38;2;40;102;29m██[38;2;82;153;70m██[38;2;82;153;70m██[38;2;16;16;16m██                  
                [38;2;16;16;16m██[38;2;40;102;29m██[38;2;40;102;29m██[38;2;40;102;29m██[38;2;40;102;29m██[38;2;40;102;29m██[38;2;40;102;29m██[38;2;40;102;29m██[38;2;40;102;29m██[38;2;40;102;29m██[38;2;19;58;12m██[38;2;40;102;29m██[38;2;16;16;16m██[38;2;16;16;16m██[38;2;40;102;29m██[38;2;82;153;70m██[38;2;16;16;16m██                  
                [38;2;16;16;16m██[38;2;40;102;29m██[38;2;40;102;29m██[38;2;40;102;29m██[38;2;40;102;29m██[38;2;40;102;29m██[38;2;40;102;29m██[38;2;40;102;29m██[38;2;40;102;29m██[38;2;40;102;29m██[38;2;40;102;29m██[38;2;19;58;12m██[38;2;40;102;29m██[38;2;16;16;16m██[38;2;16;16;16m██[38;2;16;16;16m██                    
                  [38;2;16;16;16m██[38;2;40;102;29m██[38;2;40;102;29m██[38;2;40;102;29m██[38;2;40;102;29m██[38;2;40;102;29m██[38;2;40;102;29m██[38;2;40;102;29m██[38;2;40;102;29m██[38;2;40;102;29m██[38;2;16;16;16m██[38;2;16;16;16m██                          
                  [38;2;16;16;16m██[38;2;40;102;29m██[38;2;40;102;29m██[38;2;40;102;29m██[38;2;40;102;29m██[38;2;40;102;29m██[38;2;40;102;29m██[38;2;40;102;29m██[38;2;19;58;12m██[38;2;16;16;16m██                              
                    [38;2;16;16;16m██[38;2;40;102;29m██[38;2;40;102;29m██[38;2;40;102;29m██[38;2;40;102;29m██[38;2;16;16;16m██[38;2;16;16;16m██                                  
                      [38;2;16;16;16m██[38;2;16;16;16m██[38;2;16;16;16m██[38;2;19;58;12m██                                      
[0mThese sprites are deprecated, please update pokeget as soon as possible.
