                                                                        [38;2;0;0;0m██[38;2;0;0;0m██[38;2;90;131;172m██                                                                        
                                                                      [38;2;0;0;0m██[38;2;106;180;213m██[38;2;57;106;139m██[38;2;189;238;255m██[38;2;106;180;213m██                                                                      
                                                                  [38;2;0;0;0m██[38;2;41;57;123m██[38;2;57;106;139m██[38;2;106;180;213m██[38;2;90;131;172m██[38;2;106;180;213m██[38;2;255;255;255m██[38;2;106;180;213m██                                                                    
                                                                [38;2;0;0;0m██[38;2;90;131;172m██[38;2;57;106;139m██[38;2;106;180;213m██[38;2;106;180;213m██[38;2;106;180;213m██[38;2;57;106;139m██[38;2;255;255;255m██[38;2;255;255;255m██[38;2;106;180;213m██[38;2;90;131;172m██                                                                
                                                            [38;2;57;106;139m██[38;2;0;0;0m██[38;2;90;131;172m██[38;2;90;131;172m██[38;2;57;106;139m██[38;2;106;180;213m██[38;2;106;180;213m██[38;2;106;180;213m██[38;2;57;106;139m██[38;2;189;238;255m██[38;2;255;255;255m██[38;2;255;255;255m██[38;2;189;238;255m██[38;2;90;131;172m██                                                              
                                                          [38;2;41;57;123m██[38;2;57;106;139m██[38;2;90;131;172m██[38;2;90;131;172m██[38;2;57;106;139m██[38;2;106;180;213m██[38;2;106;180;213m██[38;2;106;180;213m██[38;2;106;180;213m██[38;2;106;180;213m██[38;2;57;106;139m██[38;2;255;255;255m██[38;2;255;255;255m██[38;2;255;255;255m██[38;2;255;255;255m██[38;2;90;131;172m██[38;2;90;131;172m██                                                          
                                                        [38;2;0;0;0m██[38;2;90;131;172m██[38;2;90;131;172m██[38;2;90;131;172m██[38;2;90;131;172m██[38;2;41;57;123m██[38;2;106;180;213m██[38;2;106;180;213m██[38;2;106;180;213m██[38;2;106;180;213m██[38;2;106;180;213m██[38;2;57;106;139m██[38;2;189;238;255m██[38;2;255;255;255m██[38;2;255;255;255m██[38;2;189;238;255m██[38;2;189;238;255m██[38;2;189;238;255m██[38;2;90;131;172m██                                                        
                                                      [38;2;0;0;0m██[38;2;90;131;172m██[38;2;90;131;172m██[38;2;90;131;172m██[38;2;90;131;172m██[38;2;41;57;123m██[38;2;106;180;213m██[38;2;106;180;213m██[38;2;106;180;213m██[38;2;106;180;213m██[38;2;106;180;213m██[38;2;106;180;213m██[38;2;106;180;213m██[38;2;57;106;139m██[38;2;189;238;255m██[38;2;189;238;255m██[38;2;189;238;255m██[38;2;189;238;255m██[38;2;189;238;255m██[38;2;189;238;255m██[38;2;90;131;172m██                                                      
                                                    [38;2;0;0;0m██[38;2;90;131;172m██[38;2;90;131;172m██[38;2;90;131;172m██[38;2;90;131;172m██[38;2;90;131;172m██[38;2;41;57;123m██[38;2;106;180;213m██[38;2;106;180;213m██[38;2;106;180;213m██[38;2;106;180;213m██[38;2;106;180;213m██[38;2;106;180;213m██[38;2;106;180;213m██[38;2;57;106;139m██[38;2;189;238;255m██[38;2;189;238;255m██[38;2;189;238;255m██[38;2;189;238;255m██[38;2;189;238;255m██[38;2;189;238;255m██[38;2;189;238;255m██[38;2;90;131;172m██                                                    
                                                  [38;2;0;0;0m██[38;2;90;131;172m██[38;2;90;131;172m██[38;2;90;131;172m██[38;2;90;131;172m██[38;2;90;131;172m██[38;2;41;57;123m██[38;2;106;180;213m██[38;2;106;180;213m██[38;2;106;180;213m██[38;2;106;180;213m██[38;2;106;180;213m██[38;2;106;180;213m██[38;2;106;180;213m██[38;2;106;180;213m██[38;2;57;106;139m██[38;2;106;180;213m██[38;2;189;238;255m██[38;2;189;238;255m██[38;2;189;238;255m██[38;2;189;238;255m██[38;2;189;238;255m██[38;2;189;238;255m██[38;2;189;238;255m██[38;2;57;106;139m██                                                  
                    [38;2;90;131;172m██[38;2;90;131;172m██[38;2;90;131;172m██[38;2;90;131;172m██[38;2;90;131;172m██                  [38;2;0;0;0m██[38;2;57;106;139m██[38;2;90;131;172m██[38;2;90;131;172m██[38;2;90;131;172m██[38;2;90;131;172m██[38;2;90;131;172m██[38;2;41;57;123m██[38;2;106;180;213m██[38;2;106;180;213m██[38;2;106;180;213m██[38;2;106;180;213m██[38;2;106;180;213m██[38;2;106;180;213m██[38;2;106;180;213m██[38;2;106;180;213m██[38;2;106;180;213m██[38;2;57;106;139m██[38;2;189;238;255m██[38;2;189;238;255m██[38;2;189;238;255m██[38;2;189;238;255m██[38;2;189;238;255m██[38;2;106;180;213m██[38;2;57;106;139m██[38;2;106;180;213m██[38;2;57;106;139m██                                                
            [38;2;57;106;139m██[38;2;90;131;172m██[38;2;90;131;172m██[38;2;90;131;172m██[38;2;189;238;255m██[38;2;189;238;255m██[38;2;106;180;213m██[38;2;189;238;255m██[38;2;189;238;255m██[38;2;90;131;172m██[38;2;90;131;172m██              [38;2;0;0;0m██[38;2;106;180;213m██[38;2;57;106;139m██[38;2;90;131;172m██[38;2;90;131;172m██[38;2;90;131;172m██[38;2;41;57;123m██[38;2;106;180;213m██[38;2;106;180;213m██[38;2;106;180;213m██[38;2;106;180;213m██[38;2;106;180;213m██[38;2;106;180;213m██[38;2;106;180;213m██[38;2;106;180;213m██[38;2;106;180;213m██[38;2;106;180;213m██[38;2;57;106;139m██[38;2;106;180;213m██[38;2;189;238;255m██[38;2;189;238;255m██[38;2;57;106;139m██[38;2;57;106;139m██[38;2;90;131;172m██[38;2;156;205;255m██[38;2;156;205;255m██[38;2;57;106;139m██                                                
            [38;2;41;57;123m██[38;2;106;180;213m██[38;2;106;180;213m██[38;2;106;180;213m██[38;2;106;180;213m██[38;2;106;180;213m██[38;2;57;106;139m██[38;2;90;131;172m██[38;2;189;238;255m██[38;2;189;238;255m██[38;2;189;238;255m██[38;2;90;131;172m██[38;2;90;131;172m██          [38;2;41;57;123m██[38;2;106;180;213m██[38;2;106;180;213m██[38;2;57;106;139m██[38;2;57;106;139m██[38;2;90;131;172m██[38;2;41;57;123m██[38;2;106;180;213m██[38;2;106;180;213m██[38;2;106;180;213m██[38;2;41;57;123m██[38;2;41;57;123m██[38;2;41;57;123m██[38;2;41;57;123m██[38;2;41;57;123m██[38;2;106;180;213m██[38;2;90;131;172m██[38;2;90;131;172m██[38;2;41;57;123m██[38;2;57;106;139m██[38;2;57;106;139m██[38;2;156;205;255m██[38;2;156;205;255m██[38;2;156;205;255m██[38;2;156;205;255m██[38;2;156;205;255m██[38;2;57;106;139m██                                                
            [38;2;41;57;123m██[38;2;57;106;139m██[38;2;189;238;255m██[38;2;189;238;255m██[38;2;189;238;255m██[38;2;189;238;255m██[38;2;90;131;172m██[38;2;106;180;213m██[38;2;90;131;172m██[38;2;90;131;172m██[38;2;189;238;255m██[38;2;189;238;255m██[38;2;189;238;255m██[38;2;90;131;172m██[38;2;90;131;172m██    [38;2;41;57;123m██[38;2;90;131;172m██[38;2;106;180;213m██[38;2;106;180;213m██[38;2;106;180;213m██[38;2;90;131;172m██[38;2;57;106;139m██[38;2;57;106;139m██[38;2;57;106;139m██[38;2;57;106;139m██[38;2;57;106;139m██[38;2;156;205;255m██[38;2;156;205;255m██[38;2;90;131;172m██[38;2;189;238;255m██[38;2;189;238;255m██[38;2;41;57;123m██[38;2;90;131;172m██[38;2;90;131;172m██[38;2;57;106;139m██[38;2;156;205;255m██[38;2;156;205;255m██[38;2;156;205;255m██[38;2;156;205;255m██[38;2;156;205;255m██[38;2;156;205;255m██[38;2;156;205;255m██[38;2;90;131;172m██                                                
            [38;2;57;106;139m██[38;2;106;180;213m██[38;2;57;106;139m██[38;2;189;238;255m██[38;2;189;238;255m██[38;2;189;238;255m██[38;2;57;106;139m██[38;2;106;180;213m██[38;2;106;180;213m██[38;2;106;180;213m██[38;2;90;131;172m██[38;2;90;131;172m██[38;2;189;238;255m██[38;2;189;238;255m██[38;2;189;238;255m██[38;2;90;131;172m██[38;2;90;131;172m██[38;2;41;57;123m██[38;2;106;180;213m██[38;2;106;180;213m██[38;2;106;180;213m██[38;2;106;180;213m██[38;2;106;180;213m██[38;2;57;106;139m██[38;2;90;131;172m██[38;2;90;131;172m██[38;2;41;57;123m██[38;2;106;180;213m██[38;2;57;106;139m██[38;2;156;205;255m██[38;2;90;131;172m██[38;2;189;238;255m██[38;2;90;131;172m██[38;2;156;205;255m██[38;2;41;57;123m██[38;2;90;131;172m██[38;2;57;106;139m██[38;2;156;205;255m██[38;2;156;205;255m██[38;2;156;205;255m██[38;2;156;205;255m██[38;2;156;205;255m██[38;2;156;205;255m██[38;2;156;205;255m██[38;2;90;131;172m██                                                
              [38;2;41;57;123m██[38;2;106;180;213m██[38;2;57;106;139m██[38;2;189;238;255m██[38;2;57;106;139m██[38;2;106;180;213m██[38;2;106;180;213m██[38;2;106;180;213m██[38;2;106;180;213m██[38;2;106;180;213m██[38;2;106;180;213m██[38;2;90;131;172m██[38;2;90;131;172m██[38;2;189;238;255m██[38;2;189;238;255m██[38;2;189;238;255m██[38;2;90;131;172m██[38;2;90;131;172m██[38;2;106;180;213m██[38;2;106;180;213m██[38;2;106;180;213m██[38;2;106;180;213m██[38;2;57;106;139m██[38;2;90;131;172m██[38;2;41;57;123m██[38;2;106;180;213m██[38;2;106;180;213m██[38;2;106;180;213m██[38;2;41;57;123m██[38;2;41;57;123m██[38;2;57;106;139m██[38;2;156;205;255m██[38;2;156;205;255m██[38;2;156;205;255m██[38;2;41;57;123m██[38;2;57;106;139m██[38;2;106;180;213m██[38;2;156;205;255m██[38;2;156;205;255m██[38;2;156;205;255m██[38;2;156;205;255m██[38;2;156;205;255m██[38;2;156;205;255m██[38;2;106;180;213m██[38;2;90;131;172m██                                              
              [38;2;0;0;0m██[38;2;106;180;213m██[38;2;106;180;213m██[38;2;57;106;139m██[38;2;57;106;139m██[38;2;57;106;139m██[38;2;106;180;213m██[38;2;106;180;213m██[38;2;106;180;213m██[38;2;106;180;213m██[38;2;106;180;213m██[38;2;106;180;213m██[38;2;106;180;213m██[38;2;90;131;172m██[38;2;90;131;172m██[38;2;189;238;255m██[38;2;189;238;255m██[38;2;189;238;255m██[38;2;90;131;172m██[38;2;106;180;213m██[38;2;106;180;213m██[38;2;106;180;213m██[38;2;57;106;139m██[38;2;90;131;172m██[38;2;41;57;123m██[38;2;106;180;213m██[38;2;106;180;213m██[38;2;41;57;123m██[38;2;90;131;172m██[38;2;57;106;139m██[38;2;106;180;213m██[38;2;57;106;139m██[38;2;156;205;255m██[38;2;156;205;255m██[38;2;41;57;123m██[38;2;90;131;172m██[38;2;57;106;139m██[38;2;156;205;255m██[38;2;156;205;255m██[38;2;156;205;255m██[38;2;156;205;255m██[38;2;156;205;255m██[38;2;156;205;255m██[38;2;156;205;255m██[38;2;90;131;172m██                                              
                [38;2;0;0;0m██[38;2;106;180;213m██[38;2;57;106;139m██[38;2;90;131;172m██[38;2;90;131;172m██[38;2;57;106;139m██[38;2;57;106;139m██[38;2;106;180;213m██[38;2;106;180;213m██[38;2;106;180;213m██[38;2;106;180;213m██[38;2;106;180;213m██[38;2;106;180;213m██[38;2;106;180;213m██[38;2;90;131;172m██[38;2;90;131;172m██[38;2;189;238;255m██[38;2;156;205;255m██[38;2;57;106;139m██[38;2;106;180;213m██[38;2;106;180;213m██[38;2;57;106;139m██[38;2;90;131;172m██[38;2;41;57;123m██[38;2;106;180;213m██[38;2;41;57;123m██[38;2;90;131;172m██[38;2;90;131;172m██[38;2;57;106;139m██[38;2;106;180;213m██[38;2;106;180;213m██[38;2;57;106;139m██[38;2;156;205;255m██[38;2;41;57;123m██[38;2;90;131;172m██[38;2;57;106;139m██[38;2;156;205;255m██[38;2;156;205;255m██[38;2;156;205;255m██[38;2;156;205;255m██[38;2;156;205;255m██[38;2;156;205;255m██[38;2;156;205;255m██[38;2;90;131;172m██                                              
                [38;2;0;0;0m██[38;2;41;57;123m██[38;2;90;131;172m██[38;2;90;131;172m██[38;2;90;131;172m██[38;2;90;131;172m██[38;2;90;131;172m██[38;2;57;106;139m██[38;2;57;106;139m██[38;2;106;180;213m██[38;2;106;180;213m██[38;2;106;180;213m██[38;2;106;180;213m██[38;2;106;180;213m██[38;2;106;180;213m██[38;2;106;180;213m██[38;2;90;131;172m██[38;2;90;131;172m██[38;2;57;106;139m██[38;2;106;180;213m██[38;2;106;180;213m██[38;2;57;106;139m██[38;2;90;131;172m██[38;2;41;57;123m██[38;2;0;0;0m██[38;2;90;131;172m██[38;2;90;131;172m██[38;2;90;131;172m██[38;2;57;106;139m██[38;2;106;180;213m██[38;2;106;180;213m██[38;2;106;180;213m██[38;2;57;106;139m██[38;2;41;57;123m██[38;2;90;131;172m██[38;2;57;106;139m██[38;2;156;205;255m██[38;2;156;205;255m██[38;2;156;205;255m██[38;2;156;205;255m██[38;2;156;205;255m██[38;2;156;205;255m██[38;2;156;205;255m██[38;2;90;131;172m██                                              
                    [38;2;0;0;0m██[38;2;41;57;123m██[38;2;90;131;172m██[38;2;90;131;172m██[38;2;90;131;172m██[38;2;90;131;172m██[38;2;90;131;172m██[38;2;57;106;139m██[38;2;57;106;139m██[38;2;57;106;139m██[38;2;106;180;213m██[38;2;106;180;213m██[38;2;106;180;213m██[38;2;106;180;213m██[38;2;106;180;213m██[38;2;106;180;213m██[38;2;41;57;123m██[38;2;106;180;213m██[38;2;106;180;213m██[38;2;57;106;139m██[38;2;90;131;172m██[38;2;41;57;123m██[38;2;0;0;0m██[38;2;90;131;172m██[38;2;90;131;172m██[38;2;90;131;172m██[38;2;57;106;139m██[38;2;106;180;213m██[38;2;106;180;213m██[38;2;106;180;213m██[38;2;41;57;123m██[38;2;41;57;123m██[38;2;90;131;172m██[38;2;57;106;139m██[38;2;156;205;255m██[38;2;156;205;255m██[38;2;156;205;255m██[38;2;156;205;255m██[38;2;156;205;255m██[38;2;156;205;255m██[38;2;156;205;255m██[38;2;106;180;213m██[38;2;90;131;172m██                                            
                        [38;2;0;0;0m██[38;2;0;0;0m██[38;2;90;131;172m██[38;2;90;131;172m██[38;2;90;131;172m██[38;2;90;131;172m██[38;2;90;131;172m██[38;2;90;131;172m██[38;2;57;106;139m██[38;2;57;106;139m██[38;2;106;180;213m██[38;2;106;180;213m██[38;2;106;180;213m██[38;2;106;180;213m██[38;2;0;0;0m██[38;2;106;180;213m██[38;2;57;106;139m██[38;2;90;131;172m██[38;2;90;131;172m██[38;2;41;57;123m██[38;2;57;106;139m██[38;2;0;0;0m██[38;2;57;106;139m██[38;2;90;131;172m██[38;2;57;106;139m██[38;2;106;180;213m██[38;2;57;106;139m██[38;2;57;106;139m██[38;2;90;131;172m██[38;2;41;57;123m██[38;2;90;131;172m██[38;2;90;131;172m██[38;2;57;106;139m██[38;2;41;57;123m██[38;2;41;57;123m██[38;2;41;57;123m██[38;2;41;57;123m██[38;2;41;57;123m██[38;2;41;57;123m██[38;2;41;57;123m██[38;2;41;57;123m██[38;2;41;57;123m██                                          
                            [38;2;0;0;0m██[38;2;0;0;0m██[38;2;90;131;172m██[38;2;90;131;172m██[38;2;90;131;172m██[38;2;90;131;172m██[38;2;90;131;172m██[38;2;90;131;172m██[38;2;57;106;139m██[38;2;57;106;139m██[38;2;106;180;213m██[38;2;106;180;213m██[38;2;0;0;0m██[38;2;106;180;213m██[38;2;57;106;139m██[38;2;90;131;172m██[38;2;90;131;172m██[38;2;41;57;123m██[38;2;57;106;139m██[38;2;57;106;139m██[38;2;0;0;0m██[38;2;0;0;0m██[38;2;41;57;123m██[38;2;57;106;139m██[38;2;90;131;172m██[38;2;90;131;172m██[38;2;90;131;172m██[38;2;41;57;123m██[38;2;90;131;172m██[38;2;90;131;172m██[38;2;41;57;123m██[38;2;106;180;213m██[38;2;106;180;213m██[38;2;106;180;213m██[38;2;156;205;255m██[38;2;156;205;255m██[38;2;156;205;255m██[38;2;156;205;255m██[38;2;156;205;255m██[38;2;156;205;255m██[38;2;41;57;123m██[38;2;57;106;139m██[38;2;57;106;139m██                                    
                          [38;2;90;131;172m██[38;2;90;131;172m██[38;2;90;131;172m██[38;2;0;0;0m██[38;2;0;0;0m██[38;2;90;131;172m██[38;2;90;131;172m██[38;2;90;131;172m██[38;2;90;131;172m██[38;2;90;131;172m██[38;2;90;131;172m██[38;2;57;106;139m██[38;2;0;0;0m██[38;2;106;180;213m██[38;2;106;180;213m██[38;2;57;106;139m██[38;2;90;131;172m██[38;2;90;131;172m██[38;2;90;131;172m██[38;2;41;57;123m██[38;2;57;106;139m██[38;2;57;106;139m██[38;2;57;106;139m██[38;2;57;106;139m██[38;2;90;131;172m██[38;2;90;131;172m██[38;2;90;131;172m██[38;2;41;57;123m██[38;2;90;131;172m██[38;2;90;131;172m██[38;2;41;57;123m██[38;2;106;180;213m██[38;2;57;106;139m██[38;2;106;180;213m██[38;2;106;180;213m██[38;2;106;180;213m██[38;2;106;180;213m██[38;2;156;205;255m██[38;2;156;205;255m██[38;2;156;205;255m██[38;2;57;106;139m██[38;2;189;238;255m██[38;2;189;238;255m██[38;2;90;131;172m██[38;2;57;106;139m██                                  
                    [38;2;90;131;172m██[38;2;41;57;123m██[38;2;41;57;123m██[38;2;41;57;123m██[38;2;57;106;139m██[38;2;90;131;172m██[38;2;90;131;172m██[38;2;90;131;172m██[38;2;0;0;0m██[38;2;0;0;0m██[38;2;90;131;172m██[38;2;90;131;172m██[38;2;90;131;172m██[38;2;90;131;172m██[38;2;90;131;172m██[38;2;0;0;0m██[38;2;106;180;213m██[38;2;106;180;213m██[38;2;57;106;139m██[38;2;90;131;172m██[38;2;90;131;172m██[38;2;90;131;172m██[38;2;90;131;172m██[38;2;41;57;123m██[38;2;57;106;139m██[38;2;57;106;139m██[38;2;57;106;139m██[38;2;90;131;172m██[38;2;90;131;172m██[38;2;41;57;123m██[38;2;90;131;172m██[38;2;90;131;172m██[38;2;90;131;172m██[38;2;41;57;123m██[38;2;106;180;213m██[38;2;57;106;139m██[38;2;106;180;213m██[38;2;106;180;213m██[38;2;106;180;213m██[38;2;106;180;213m██[38;2;106;180;213m██[38;2;106;180;213m██[38;2;156;205;255m██[38;2;57;106;139m██[38;2;106;180;213m██[38;2;189;238;255m██[38;2;255;255;255m██[38;2;189;238;255m██[38;2;57;106;139m██                                
            [38;2;57;106;139m██[38;2;41;57;123m██[38;2;41;57;123m██[38;2;41;57;123m██[38;2;189;238;255m██[38;2;189;238;255m██[38;2;106;180;213m██[38;2;189;238;255m██[38;2;189;238;255m██[38;2;57;106;139m██[38;2;57;106;139m██[38;2;90;131;172m██[38;2;90;131;172m██[38;2;90;131;172m██[38;2;0;0;0m██[38;2;0;0;0m██[38;2;90;131;172m██[38;2;90;131;172m██[38;2;41;57;123m██[38;2;106;180;213m██[38;2;106;180;213m██[38;2;106;180;213m██[38;2;57;106;139m██[38;2;90;131;172m██[38;2;90;131;172m██[38;2;90;131;172m██[38;2;90;131;172m██[38;2;41;57;123m██[38;2;41;57;123m██[38;2;41;57;123m██[38;2;41;57;123m██[38;2;57;106;139m██[38;2;57;106;139m██[38;2;90;131;172m██[38;2;90;131;172m██[38;2;90;131;172m██[38;2;90;131;172m██[38;2;0;0;0m██[38;2;106;180;213m██[38;2;106;180;213m██[38;2;57;106;139m██[38;2;106;180;213m██[38;2;106;180;213m██[38;2;106;180;213m██[38;2;106;180;213m██[38;2;106;180;213m██[38;2;90;131;172m██[38;2;156;205;255m██[38;2;156;205;255m██[38;2;106;180;213m██[38;2;255;255;255m██[38;2;255;255;255m██[38;2;255;255;255m██[38;2;57;106;139m██                              
            [38;2;41;57;123m██[38;2;106;180;213m██[38;2;106;180;213m██[38;2;106;180;213m██[38;2;106;180;213m██[38;2;106;180;213m██[38;2;57;106;139m██[38;2;90;131;172m██[38;2;189;238;255m██[38;2;189;238;255m██[38;2;189;238;255m██[38;2;57;106;139m██[38;2;57;106;139m██[38;2;90;131;172m██[38;2;57;106;139m██[38;2;90;131;172m██[38;2;0;0;0m██[38;2;0;0;0m██[38;2;41;57;123m██[38;2;106;180;213m██[38;2;106;180;213m██[38;2;106;180;213m██[38;2;57;106;139m██[38;2;90;131;172m██[38;2;90;131;172m██[38;2;90;131;172m██[38;2;41;57;123m██[38;2;156;205;255m██[38;2;156;205;255m██[38;2;90;131;172m██[38;2;189;238;255m██[38;2;189;238;255m██[38;2;41;57;123m██[38;2;90;131;172m██[38;2;90;131;172m██[38;2;90;131;172m██[38;2;90;131;172m██[38;2;0;0;0m██[38;2;106;180;213m██[38;2;106;180;213m██[38;2;57;106;139m██[38;2;106;180;213m██[38;2;106;180;213m██[38;2;106;180;213m██[38;2;106;180;213m██[38;2;90;131;172m██[38;2;156;205;255m██[38;2;156;205;255m██[38;2;156;205;255m██[38;2;156;205;255m██[38;2;106;180;213m██[38;2;255;255;255m██[38;2;255;255;255m██[38;2;189;238;255m██[38;2;57;106;139m██                            
            [38;2;41;57;123m██[38;2;57;106;139m██[38;2;189;238;255m██[38;2;189;238;255m██[38;2;189;238;255m██[38;2;189;238;255m██[38;2;90;131;172m██[38;2;106;180;213m██[38;2;90;131;172m██[38;2;90;131;172m██[38;2;189;238;255m██[38;2;189;238;255m██[38;2;189;238;255m██[38;2;57;106;139m██[38;2;57;106;139m██[38;2;106;180;213m██[38;2;106;180;213m██[38;2;106;180;213m██[38;2;106;180;213m██[38;2;106;180;213m██[38;2;106;180;213m██[38;2;106;180;213m██[38;2;57;106;139m██[38;2;90;131;172m██[38;2;90;131;172m██[38;2;41;57;123m██[38;2;106;180;213m██[38;2;57;106;139m██[38;2;156;205;255m██[38;2;90;131;172m██[38;2;189;238;255m██[38;2;90;131;172m██[38;2;156;205;255m██[38;2;41;57;123m██[38;2;90;131;172m██[38;2;90;131;172m██[38;2;90;131;172m██[38;2;0;0;0m██[38;2;106;180;213m██[38;2;106;180;213m██[38;2;106;180;213m██[38;2;57;106;139m██[38;2;106;180;213m██[38;2;106;180;213m██[38;2;90;131;172m██[38;2;156;205;255m██[38;2;156;205;255m██[38;2;156;205;255m██[38;2;156;205;255m██[38;2;156;205;255m██[38;2;156;205;255m██[38;2;106;180;213m██[38;2;255;255;255m██[38;2;255;255;255m██[38;2;255;255;255m██[38;2;57;106;139m██                          
            [38;2;57;106;139m██[38;2;106;180;213m██[38;2;57;106;139m██[38;2;189;238;255m██[38;2;189;238;255m██[38;2;189;238;255m██[38;2;57;106;139m██[38;2;106;180;213m██[38;2;106;180;213m██[38;2;106;180;213m██[38;2;90;131;172m██[38;2;90;131;172m██[38;2;189;238;255m██[38;2;189;238;255m██[38;2;189;238;255m██[38;2;57;106;139m██[38;2;57;106;139m██[38;2;106;180;213m██[38;2;106;180;213m██[38;2;106;180;213m██[38;2;106;180;213m██[38;2;106;180;213m██[38;2;57;106;139m██[38;2;90;131;172m██[38;2;57;106;139m██[38;2;106;180;213m██[38;2;106;180;213m██[38;2;106;180;213m██[38;2;41;57;123m██[38;2;41;57;123m██[38;2;57;106;139m██[38;2;156;205;255m██[38;2;156;205;255m██[38;2;156;205;255m██[38;2;41;57;123m██[38;2;90;131;172m██[38;2;90;131;172m██[38;2;0;0;0m██[38;2;106;180;213m██[38;2;106;180;213m██[38;2;106;180;213m██[38;2;57;106;139m██[38;2;106;180;213m██[38;2;90;131;172m██[38;2;156;205;255m██[38;2;156;205;255m██[38;2;156;205;255m██[38;2;156;205;255m██[38;2;156;205;255m██[38;2;156;205;255m██[38;2;156;205;255m██[38;2;156;205;255m██[38;2;106;180;213m██[38;2;255;255;255m██[38;2;255;255;255m██[38;2;189;238;255m██[38;2;57;106;139m██                        
              [38;2;0;0;0m██[38;2;106;180;213m██[38;2;57;106;139m██[38;2;189;238;255m██[38;2;57;106;139m██[38;2;106;180;213m██[38;2;106;180;213m██[38;2;106;180;213m██[38;2;106;180;213m██[38;2;106;180;213m██[38;2;106;180;213m██[38;2;90;131;172m██[38;2;90;131;172m██[38;2;189;238;255m██[38;2;189;238;255m██[38;2;189;238;255m██[38;2;57;106;139m██[38;2;57;106;139m██[38;2;106;180;213m██[38;2;106;180;213m██[38;2;106;180;213m██[38;2;57;106;139m██[38;2;90;131;172m██[38;2;41;57;123m██[38;2;106;180;213m██[38;2;106;180;213m██[38;2;41;57;123m██[38;2;90;131;172m██[38;2;57;106;139m██[38;2;106;180;213m██[38;2;57;106;139m██[38;2;156;205;255m██[38;2;156;205;255m██[38;2;41;57;123m██[38;2;90;131;172m██[38;2;90;131;172m██[38;2;0;0;0m██[38;2;106;180;213m██[38;2;106;180;213m██[38;2;106;180;213m██[38;2;106;180;213m██[38;2;57;106;139m██[38;2;156;205;255m██[38;2;156;205;255m██[38;2;156;205;255m██[38;2;156;205;255m██[38;2;156;205;255m██[38;2;156;205;255m██[38;2;156;205;255m██[38;2;156;205;255m██[38;2;156;205;255m██[38;2;156;205;255m██[38;2;106;180;213m██[38;2;255;255;255m██[38;2;255;255;255m██[38;2;255;255;255m██[38;2;57;106;139m██                      
              [38;2;0;0;0m██[38;2;106;180;213m██[38;2;106;180;213m██[38;2;57;106;139m██[38;2;57;106;139m██[38;2;90;131;172m██[38;2;106;180;213m██[38;2;106;180;213m██[38;2;106;180;213m██[38;2;106;180;213m██[38;2;106;180;213m██[38;2;106;180;213m██[38;2;106;180;213m██[38;2;90;131;172m██[38;2;90;131;172m██[38;2;189;238;255m██[38;2;189;238;255m██[38;2;189;238;255m██[38;2;57;106;139m██[38;2;106;180;213m██[38;2;106;180;213m██[38;2;57;106;139m██[38;2;90;131;172m██[38;2;41;57;123m██[38;2;106;180;213m██[38;2;41;57;123m██[38;2;90;131;172m██[38;2;90;131;172m██[38;2;57;106;139m██[38;2;106;180;213m██[38;2;106;180;213m██[38;2;57;106;139m██[38;2;156;205;255m██[38;2;41;57;123m██[38;2;90;131;172m██[38;2;90;131;172m██[38;2;0;0;0m██[38;2;106;180;213m██[38;2;106;180;213m██[38;2;57;106;139m██[38;2;57;106;139m██[38;2;90;131;172m██[38;2;156;205;255m██[38;2;156;205;255m██[38;2;156;205;255m██[38;2;156;205;255m██[38;2;156;205;255m██[38;2;156;205;255m██[38;2;156;205;255m██[38;2;156;205;255m██[38;2;156;205;255m██[38;2;156;205;255m██[38;2;156;205;255m██[38;2;106;180;213m██[38;2;255;255;255m██[38;2;189;238;255m██[38;2;189;238;255m██[38;2;57;106;139m██                    
            [38;2;41;57;123m██[38;2;90;131;172m██[38;2;0;0;0m██[38;2;106;180;213m██[38;2;57;106;139m██[38;2;90;131;172m██[38;2;57;106;139m██[38;2;57;106;139m██[38;2;57;106;139m██[38;2;106;180;213m██[38;2;106;180;213m██[38;2;106;180;213m██[38;2;106;180;213m██[38;2;106;180;213m██[38;2;106;180;213m██[38;2;106;180;213m██[38;2;90;131;172m██[38;2;90;131;172m██[38;2;189;238;255m██[38;2;57;106;139m██[38;2;106;180;213m██[38;2;106;180;213m██[38;2;57;106;139m██[38;2;90;131;172m██[38;2;41;57;123m██[38;2;0;0;0m██[38;2;90;131;172m██[38;2;90;131;172m██[38;2;90;131;172m██[38;2;57;106;139m██[38;2;106;180;213m██[38;2;106;180;213m██[38;2;106;180;213m██[38;2;57;106;139m██[38;2;41;57;123m██[38;2;90;131;172m██[38;2;90;131;172m██[38;2;0;0;0m██[38;2;57;106;139m██[38;2;57;106;139m██[38;2;90;131;172m██[38;2;90;131;172m██[38;2;90;131;172m██[38;2;106;180;213m██[38;2;156;205;255m██[38;2;156;205;255m██[38;2;156;205;255m██[38;2;156;205;255m██[38;2;156;205;255m██[38;2;156;205;255m██[38;2;156;205;255m██[38;2;156;205;255m██[38;2;156;205;255m██[38;2;156;205;255m██[38;2;156;205;255m██[38;2;90;131;172m██[38;2;189;238;255m██[38;2;189;238;255m██[38;2;189;238;255m██[38;2;57;106;139m██                  
            [38;2;41;57;123m██[38;2;90;131;172m██[38;2;0;0;0m██[38;2;41;57;123m██[38;2;90;131;172m██[38;2;90;131;172m██[38;2;90;131;172m██[38;2;90;131;172m██[38;2;90;131;172m██[38;2;57;106;139m██[38;2;57;106;139m██[38;2;106;180;213m██[38;2;106;180;213m██[38;2;106;180;213m██[38;2;106;180;213m██[38;2;106;180;213m██[38;2;106;180;213m██[38;2;106;180;213m██[38;2;90;131;172m██[38;2;0;0;0m██[38;2;106;180;213m██[38;2;57;106;139m██[38;2;90;131;172m██[38;2;90;131;172m██[38;2;41;57;123m██[38;2;0;0;0m██[38;2;90;131;172m██[38;2;90;131;172m██[38;2;90;131;172m██[38;2;57;106;139m██[38;2;106;180;213m██[38;2;106;180;213m██[38;2;106;180;213m██[38;2;41;57;123m██[38;2;41;57;123m██[38;2;90;131;172m██[38;2;90;131;172m██[38;2;41;57;123m██[38;2;41;57;123m██[38;2;90;131;172m██[38;2;90;131;172m██[38;2;90;131;172m██[38;2;90;131;172m██[38;2;90;131;172m██[38;2;106;180;213m██[38;2;156;205;255m██[38;2;156;205;255m██[38;2;156;205;255m██[38;2;156;205;255m██[38;2;156;205;255m██[38;2;156;205;255m██[38;2;156;205;255m██[38;2;156;205;255m██[38;2;156;205;255m██[38;2;156;205;255m██[38;2;156;205;255m██[38;2;90;131;172m██[38;2;189;238;255m██[38;2;189;238;255m██[38;2;189;238;255m██[38;2;57;106;139m██                
          [38;2;41;57;123m██[38;2;90;131;172m██[38;2;90;131;172m██[38;2;156;205;255m██[38;2;156;205;255m██[38;2;0;0;0m██[38;2;0;0;0m██[38;2;90;131;172m██[38;2;90;131;172m██[38;2;90;131;172m██[38;2;90;131;172m██[38;2;90;131;172m██[38;2;57;106;139m██[38;2;57;106;139m██[38;2;57;106;139m██[38;2;106;180;213m██[38;2;106;180;213m██[38;2;106;180;213m██[38;2;106;180;213m██[38;2;106;180;213m██[38;2;0;0;0m██[38;2;106;180;213m██[38;2;57;106;139m██[38;2;90;131;172m██[38;2;90;131;172m██[38;2;41;57;123m██[38;2;57;106;139m██[38;2;0;0;0m██[38;2;57;106;139m██[38;2;90;131;172m██[38;2;57;106;139m██[38;2;106;180;213m██[38;2;57;106;139m██[38;2;57;106;139m██[38;2;90;131;172m██[38;2;41;57;123m██[38;2;90;131;172m██[38;2;90;131;172m██[38;2;90;131;172m██[38;2;0;0;0m██[38;2;90;131;172m██[38;2;90;131;172m██[38;2;90;131;172m██[38;2;90;131;172m██[38;2;90;131;172m██[38;2;90;131;172m██[38;2;106;180;213m██[38;2;156;205;255m██[38;2;156;205;255m██[38;2;156;205;255m██[38;2;156;205;255m██[38;2;156;205;255m██[38;2;156;205;255m██[38;2;156;205;255m██[38;2;156;205;255m██[38;2;156;205;255m██[38;2;156;205;255m██[38;2;156;205;255m██[38;2;90;131;172m██[38;2;189;238;255m██[38;2;189;238;255m██[38;2;189;238;255m██[38;2;57;106;139m██              
    [38;2;41;57;123m██[38;2;41;57;123m██[38;2;41;57;123m██[38;2;57;106;139m██[38;2;106;180;213m██[38;2;41;57;123m██[38;2;156;205;255m██[38;2;156;205;255m██[38;2;156;205;255m██[38;2;156;205;255m██[38;2;0;0;0m██[38;2;0;0;0m██[38;2;90;131;172m██[38;2;90;131;172m██[38;2;90;131;172m██[38;2;90;131;172m██[38;2;90;131;172m██[38;2;90;131;172m██[38;2;57;106;139m██[38;2;57;106;139m██[38;2;106;180;213m██[38;2;106;180;213m██[38;2;57;106;139m██[38;2;0;0;0m██[38;2;106;180;213m██[38;2;57;106;139m██[38;2;90;131;172m██[38;2;90;131;172m██[38;2;41;57;123m██[38;2;57;106;139m██[38;2;57;106;139m██[38;2;0;0;0m██[38;2;0;0;0m██[38;2;41;57;123m██[38;2;57;106;139m██[38;2;90;131;172m██[38;2;90;131;172m██[38;2;90;131;172m██[38;2;41;57;123m██[38;2;90;131;172m██[38;2;90;131;172m██[38;2;90;131;172m██[38;2;90;131;172m██[38;2;0;0;0m██[38;2;90;131;172m██[38;2;90;131;172m██[38;2;90;131;172m██[38;2;90;131;172m██[38;2;90;131;172m██[38;2;90;131;172m██[38;2;156;205;255m██[38;2;156;205;255m██[38;2;156;205;255m██[38;2;156;205;255m██[38;2;156;205;255m██[38;2;156;205;255m██[38;2;156;205;255m██[38;2;156;205;255m██[38;2;156;205;255m██[38;2;156;205;255m██[38;2;156;205;255m██[38;2;156;205;255m██[38;2;90;131;172m██[38;2;189;238;255m██[38;2;189;238;255m██[38;2;189;238;255m██[38;2;57;106;139m██            
  [38;2;41;57;123m██[38;2;106;180;213m██[38;2;106;180;213m██[38;2;106;180;213m██[38;2;57;106;139m██[38;2;106;180;213m██[38;2;90;131;172m██[38;2;156;205;255m██[38;2;156;205;255m██[38;2;156;205;255m██[38;2;156;205;255m██[38;2;156;205;255m██[38;2;156;205;255m██[38;2;0;0;0m██[38;2;0;0;0m██[38;2;90;131;172m██[38;2;90;131;172m██[38;2;90;131;172m██[38;2;90;131;172m██[38;2;90;131;172m██[38;2;90;131;172m██[38;2;57;106;139m██[38;2;57;106;139m██[38;2;0;0;0m██[38;2;106;180;213m██[38;2;106;180;213m██[38;2;57;106;139m██[38;2;90;131;172m██[38;2;90;131;172m██[38;2;41;57;123m██[38;2;57;106;139m██[38;2;57;106;139m██[38;2;57;106;139m██[38;2;57;106;139m██[38;2;41;57;123m██[38;2;90;131;172m██[38;2;90;131;172m██[38;2;90;131;172m██[38;2;90;131;172m██[38;2;41;57;123m██[38;2;90;131;172m██[38;2;90;131;172m██[38;2;90;131;172m██[38;2;90;131;172m██[38;2;0;0;0m██[38;2;90;131;172m██[38;2;90;131;172m██[38;2;90;131;172m██[38;2;90;131;172m██[38;2;90;131;172m██[38;2;90;131;172m██[38;2;90;131;172m██[38;2;156;205;255m██[38;2;156;205;255m██[38;2;156;205;255m██[38;2;156;205;255m██[38;2;156;205;255m██[38;2;156;205;255m██[38;2;156;205;255m██[38;2;156;205;255m██[38;2;156;205;255m██[38;2;156;205;255m██[38;2;156;205;255m██[38;2;156;205;255m██[38;2;90;131;172m██[38;2;189;238;255m██[38;2;57;106;139m██[38;2;57;106;139m██            
[38;2;0;0;0m██[38;2;106;180;213m██[38;2;156;205;255m██[38;2;156;205;255m██[38;2;156;205;255m██[38;2;57;106;139m██[38;2;156;205;255m██[38;2;156;205;255m██[38;2;90;131;172m██[38;2;156;205;255m██[38;2;156;205;255m██[38;2;156;205;255m██[38;2;156;205;255m██[38;2;90;131;172m██[38;2;90;131;172m██[38;2;90;131;172m██[38;2;0;0;0m██[38;2;0;0;0m██[38;2;90;131;172m██[38;2;90;131;172m██[38;2;90;131;172m██[38;2;90;131;172m██[38;2;90;131;172m██[38;2;90;131;172m██[38;2;0;0;0m██[38;2;106;180;213m██[38;2;106;180;213m██[38;2;57;106;139m██[38;2;90;131;172m██[38;2;90;131;172m██[38;2;41;57;123m██[38;2;57;106;139m██[38;2;57;106;139m██[38;2;57;106;139m██[38;2;57;106;139m██[38;2;41;57;123m██[38;2;90;131;172m██[38;2;90;131;172m██[38;2;90;131;172m██[38;2;90;131;172m██[38;2;41;57;123m██[38;2;90;131;172m██[38;2;90;131;172m██[38;2;90;131;172m██[38;2;90;131;172m██[38;2;90;131;172m██[38;2;0;0;0m██[38;2;90;131;172m██[38;2;90;131;172m██[38;2;90;131;172m██[38;2;90;131;172m██[38;2;90;131;172m██[38;2;90;131;172m██[38;2;90;131;172m██[38;2;156;205;255m██[38;2;156;205;255m██[38;2;156;205;255m██[38;2;156;205;255m██[38;2;156;205;255m██[38;2;156;205;255m██[38;2;156;205;255m██[38;2;156;205;255m██[38;2;156;205;255m██[38;2;156;205;255m██[38;2;156;205;255m██[38;2;57;106;139m██[38;2;57;106;139m██[38;2;156;205;255m██[38;2;41;57;123m██            
  [38;2;0;0;0m██[38;2;156;205;255m██[38;2;156;205;255m██[38;2;156;205;255m██[38;2;57;106;139m██[38;2;156;205;255m██[38;2;156;205;255m██[38;2;156;205;255m██[38;2;90;131;172m██[38;2;156;205;255m██[38;2;156;205;255m██[38;2;57;106;139m██[38;2;90;131;172m██[38;2;90;131;172m██[38;2;90;131;172m██[38;2;90;131;172m██[38;2;90;131;172m██[38;2;0;0;0m██[38;2;0;0;0m██[38;2;0;0;0m██[38;2;90;131;172m██[38;2;90;131;172m██[38;2;0;0;0m██[38;2;106;180;213m██[38;2;106;180;213m██[38;2;106;180;213m██[38;2;57;106;139m██[38;2;90;131;172m██[38;2;90;131;172m██[38;2;90;131;172m██[38;2;41;57;123m██[38;2;57;106;139m██[38;2;57;106;139m██[38;2;57;106;139m██[38;2;41;57;123m██[38;2;90;131;172m██[38;2;90;131;172m██[38;2;90;131;172m██[38;2;41;57;123m██[38;2;90;131;172m██[38;2;90;131;172m██[38;2;90;131;172m██[38;2;90;131;172m██[38;2;90;131;172m██[38;2;90;131;172m██[38;2;90;131;172m██[38;2;0;0;0m██[38;2;90;131;172m██[38;2;90;131;172m██[38;2;90;131;172m██[38;2;90;131;172m██[38;2;90;131;172m██[38;2;90;131;172m██[38;2;90;131;172m██[38;2;156;205;255m██[38;2;156;205;255m██[38;2;156;205;255m██[38;2;156;205;255m██[38;2;156;205;255m██[38;2;156;205;255m██[38;2;156;205;255m██[38;2;156;205;255m██[38;2;156;205;255m██[38;2;57;106;139m██[38;2;106;180;213m██[38;2;57;106;139m██[38;2;156;205;255m██[38;2;41;57;123m██            
    [38;2;0;0;0m██[38;2;0;0;0m██[38;2;0;0;0m██[38;2;0;0;0m██[38;2;156;205;255m██[38;2;156;205;255m██[38;2;156;205;255m██[38;2;156;205;255m██[38;2;90;131;172m██[38;2;57;106;139m██[38;2;90;131;172m██[38;2;90;131;172m██[38;2;90;131;172m██[38;2;90;131;172m██[38;2;90;131;172m██[38;2;90;131;172m██[38;2;90;131;172m██[38;2;41;57;123m██[38;2;90;131;172m██[38;2;0;0;0m██[38;2;0;0;0m██[38;2;106;180;213m██[38;2;106;180;213m██[38;2;106;180;213m██[38;2;106;180;213m██[38;2;41;57;123m██[38;2;90;131;172m██[38;2;90;131;172m██[38;2;90;131;172m██[38;2;90;131;172m██[38;2;41;57;123m██[38;2;41;57;123m██[38;2;57;106;139m██[38;2;90;131;172m██[38;2;90;131;172m██[38;2;0;0;0m██[38;2;0;0;0m██[38;2;90;131;172m██[38;2;90;131;172m██[38;2;90;131;172m██[38;2;90;131;172m██[38;2;90;131;172m██[38;2;90;131;172m██[38;2;90;131;172m██[38;2;90;131;172m██[38;2;57;106;139m██[38;2;0;0;0m██[38;2;90;131;172m██[38;2;90;131;172m██[38;2;90;131;172m██[38;2;90;131;172m██[38;2;90;131;172m██[38;2;90;131;172m██[38;2;90;131;172m██[38;2;156;205;255m██[38;2;156;205;255m██[38;2;156;205;255m██[38;2;156;205;255m██[38;2;156;205;255m██[38;2;156;205;255m██[38;2;156;205;255m██[38;2;57;106;139m██[38;2;106;180;213m██[38;2;106;180;213m██[38;2;57;106;139m██[38;2;156;205;255m██[38;2;156;205;255m██[38;2;41;57;123m██          
          [38;2;0;0;0m██[38;2;156;205;255m██[38;2;156;205;255m██[38;2;156;205;255m██[38;2;106;180;213m██[38;2;106;180;213m██[38;2;106;180;213m██[38;2;57;106;139m██[38;2;57;106;139m██[38;2;90;131;172m██[38;2;90;131;172m██[38;2;90;131;172m██[38;2;90;131;172m██[38;2;57;106;139m██[38;2;41;57;123m██[38;2;106;180;213m██[38;2;106;180;213m██[38;2;106;180;213m██[38;2;106;180;213m██[38;2;106;180;213m██[38;2;106;180;213m██[38;2;106;180;213m██[38;2;41;57;123m██[38;2;90;131;172m██[38;2;90;131;172m██[38;2;90;131;172m██[38;2;90;131;172m██[38;2;90;131;172m██[38;2;90;131;172m██[38;2;41;57;123m██[38;2;0;0;0m██[38;2;0;0;0m██[38;2;90;131;172m██[38;2;90;131;172m██[38;2;90;131;172m██[38;2;90;131;172m██[38;2;90;131;172m██[38;2;90;131;172m██[38;2;90;131;172m██[38;2;90;131;172m██[38;2;90;131;172m██[38;2;90;131;172m██[38;2;57;106;139m██[38;2;90;131;172m██[38;2;0;0;0m██[38;2;90;131;172m██[38;2;90;131;172m██[38;2;90;131;172m██[38;2;90;131;172m██[38;2;90;131;172m██[38;2;90;131;172m██[38;2;90;131;172m██[38;2;156;205;255m██[38;2;156;205;255m██[38;2;156;205;255m██[38;2;156;205;255m██[38;2;156;205;255m██[38;2;57;106;139m██[38;2;106;180;213m██[38;2;106;180;213m██[38;2;106;180;213m██[38;2;90;131;172m██[38;2;90;131;172m██[38;2;156;205;255m██[38;2;41;57;123m██          
        [38;2;57;106;139m██[38;2;106;180;213m██[38;2;156;205;255m██[38;2;156;205;255m██[38;2;106;180;213m██[38;2;106;180;213m██[38;2;106;180;213m██[38;2;106;180;213m██[38;2;106;180;213m██[38;2;106;180;213m██[38;2;57;106;139m██[38;2;90;131;172m██[38;2;41;57;123m██[38;2;41;57;123m██[38;2;41;57;123m██[38;2;41;57;123m██[38;2;106;180;213m██[38;2;106;180;213m██[38;2;106;180;213m██[38;2;106;180;213m██[38;2;106;180;213m██[38;2;106;180;213m██[38;2;106;180;213m██[38;2;41;57;123m██[38;2;90;131;172m██[38;2;90;131;172m██[38;2;90;131;172m██[38;2;90;131;172m██[38;2;90;131;172m██[38;2;90;131;172m██[38;2;90;131;172m██[38;2;90;131;172m██[38;2;90;131;172m██[38;2;90;131;172m██[38;2;90;131;172m██[38;2;90;131;172m██[38;2;90;131;172m██[38;2;90;131;172m██[38;2;90;131;172m██[38;2;90;131;172m██[38;2;90;131;172m██[38;2;90;131;172m██[38;2;90;131;172m██[38;2;41;57;123m██[38;2;90;131;172m██[38;2;90;131;172m██[38;2;0;0;0m██[38;2;90;131;172m██[38;2;90;131;172m██[38;2;90;131;172m██[38;2;90;131;172m██[38;2;90;131;172m██[38;2;90;131;172m██[38;2;90;131;172m██[38;2;156;205;255m██[38;2;156;205;255m██[38;2;156;205;255m██[38;2;57;106;139m██[38;2;106;180;213m██[38;2;106;180;213m██[38;2;106;180;213m██[38;2;106;180;213m██[38;2;106;180;213m██[38;2;57;106;139m██[38;2;156;205;255m██[38;2;41;57;123m██          
      [38;2;57;106;139m██[38;2;156;205;255m██[38;2;106;180;213m██[38;2;57;106;139m██[38;2;57;106;139m██[38;2;106;180;213m██[38;2;106;180;213m██[38;2;90;131;172m██[38;2;90;131;172m██[38;2;41;57;123m██[38;2;41;57;123m██[38;2;0;0;0m██[38;2;0;0;0m██[38;2;41;57;123m██    [38;2;0;0;0m██[38;2;106;180;213m██[38;2;106;180;213m██[38;2;106;180;213m██[38;2;106;180;213m██[38;2;106;180;213m██[38;2;106;180;213m██[38;2;106;180;213m██[38;2;41;57;123m██[38;2;90;131;172m██[38;2;90;131;172m██[38;2;90;131;172m██[38;2;90;131;172m██[38;2;90;131;172m██[38;2;90;131;172m██[38;2;90;131;172m██[38;2;90;131;172m██[38;2;90;131;172m██[38;2;90;131;172m██[38;2;90;131;172m██[38;2;90;131;172m██[38;2;90;131;172m██[38;2;90;131;172m██[38;2;90;131;172m██[38;2;90;131;172m██[38;2;90;131;172m██[38;2;90;131;172m██[38;2;90;131;172m██[38;2;41;57;123m██[38;2;90;131;172m██[38;2;90;131;172m██[38;2;90;131;172m██[38;2;0;0;0m██[38;2;90;131;172m██[38;2;90;131;172m██[38;2;90;131;172m██[38;2;90;131;172m██[38;2;90;131;172m██[38;2;90;131;172m██[38;2;90;131;172m██[38;2;156;205;255m██[38;2;57;106;139m██[38;2;106;180;213m██[38;2;106;180;213m██[38;2;106;180;213m██[38;2;106;180;213m██[38;2;106;180;213m██[38;2;106;180;213m██[38;2;57;106;139m██[38;2;156;205;255m██[38;2;90;131;172m██[38;2;41;57;123m██[38;2;41;57;123m██[38;2;41;57;123m██    
    [38;2;57;106;139m██[38;2;156;205;255m██[38;2;156;205;255m██[38;2;156;205;255m██[38;2;156;205;255m██[38;2;0;0;0m██[38;2;0;0;0m██[38;2;0;0;0m██[38;2;156;205;255m██[38;2;90;131;172m██[38;2;90;131;172m██[38;2;0;0;0m██          [38;2;0;0;0m██[38;2;106;180;213m██[38;2;106;180;213m██[38;2;106;180;213m██[38;2;106;180;213m██[38;2;106;180;213m██[38;2;106;180;213m██[38;2;106;180;213m██[38;2;41;57;123m██[38;2;90;131;172m██[38;2;90;131;172m██[38;2;90;131;172m██[38;2;90;131;172m██[38;2;90;131;172m██[38;2;90;131;172m██[38;2;90;131;172m██[38;2;90;131;172m██[38;2;90;131;172m██[38;2;90;131;172m██[38;2;90;131;172m██[38;2;90;131;172m██[38;2;90;131;172m██[38;2;90;131;172m██[38;2;90;131;172m██[38;2;90;131;172m██[38;2;90;131;172m██[38;2;90;131;172m██[38;2;90;131;172m██[38;2;41;57;123m██[38;2;90;131;172m██[38;2;90;131;172m██[38;2;90;131;172m██[38;2;90;131;172m██[38;2;0;0;0m██[38;2;90;131;172m██[38;2;90;131;172m██[38;2;90;131;172m██[38;2;90;131;172m██[38;2;90;131;172m██[38;2;90;131;172m██[38;2;57;106;139m██[38;2;106;180;213m██[38;2;106;180;213m██[38;2;106;180;213m██[38;2;106;180;213m██[38;2;106;180;213m██[38;2;106;180;213m██[38;2;106;180;213m██[38;2;90;131;172m██[38;2;90;131;172m██[38;2;156;205;255m██[38;2;156;205;255m██[38;2;156;205;255m██[38;2;156;205;255m██[38;2;41;57;123m██  
    [38;2;57;106;139m██[38;2;156;205;255m██[38;2;156;205;255m██[38;2;57;106;139m██[38;2;0;0;0m██    [38;2;0;0;0m██[38;2;156;205;255m██[38;2;156;205;255m██[38;2;90;131;172m██[38;2;0;0;0m██          [38;2;0;0;0m██[38;2;106;180;213m██[38;2;106;180;213m██[38;2;106;180;213m██[38;2;106;180;213m██[38;2;106;180;213m██[38;2;106;180;213m██[38;2;106;180;213m██[38;2;41;57;123m██[38;2;90;131;172m██[38;2;90;131;172m██[38;2;90;131;172m██[38;2;90;131;172m██[38;2;90;131;172m██[38;2;90;131;172m██[38;2;90;131;172m██[38;2;90;131;172m██[38;2;90;131;172m██[38;2;90;131;172m██[38;2;90;131;172m██[38;2;90;131;172m██[38;2;90;131;172m██[38;2;90;131;172m██[38;2;90;131;172m██[38;2;90;131;172m██[38;2;90;131;172m██[38;2;90;131;172m██[38;2;90;131;172m██[38;2;41;57;123m██[38;2;90;131;172m██[38;2;90;131;172m██[38;2;90;131;172m██[38;2;57;106;139m██[38;2;41;57;123m██[38;2;0;0;0m██[38;2;90;131;172m██[38;2;90;131;172m██[38;2;90;131;172m██[38;2;90;131;172m██[38;2;41;57;123m██[38;2;41;57;123m██[38;2;106;180;213m██[38;2;106;180;213m██[38;2;106;180;213m██[38;2;106;180;213m██[38;2;106;180;213m██[38;2;106;180;213m██[38;2;106;180;213m██[38;2;106;180;213m██[38;2;57;106;139m██[38;2;156;205;255m██[38;2;156;205;255m██[38;2;189;238;255m██[38;2;189;238;255m██[38;2;189;238;255m██[38;2;41;57;123m██
    [38;2;57;106;139m██[38;2;0;0;0m██[38;2;0;0;0m██[38;2;57;106;139m██      [38;2;0;0;0m██[38;2;156;205;255m██[38;2;156;205;255m██[38;2;156;205;255m██[38;2;0;0;0m██          [38;2;0;0;0m██[38;2;90;131;172m██[38;2;106;180;213m██[38;2;106;180;213m██[38;2;106;180;213m██[38;2;106;180;213m██[38;2;106;180;213m██[38;2;106;180;213m██[38;2;57;106;139m██[38;2;90;131;172m██[38;2;90;131;172m██[38;2;90;131;172m██[38;2;90;131;172m██[38;2;90;131;172m██[38;2;90;131;172m██[38;2;90;131;172m██[38;2;90;131;172m██[38;2;90;131;172m██[38;2;90;131;172m██[38;2;90;131;172m██[38;2;90;131;172m██[38;2;90;131;172m██[38;2;90;131;172m██[38;2;90;131;172m██[38;2;90;131;172m██[38;2;90;131;172m██[38;2;90;131;172m██[38;2;90;131;172m██[38;2;41;57;123m██[38;2;90;131;172m██[38;2;57;106;139m██[38;2;57;106;139m██[38;2;90;131;172m██[38;2;41;57;123m██  [38;2;0;0;0m██[38;2;90;131;172m██[38;2;90;131;172m██[38;2;41;57;123m██[38;2;90;131;172m██[38;2;90;131;172m██[38;2;41;57;123m██[38;2;57;106;139m██[38;2;106;180;213m██[38;2;106;180;213m██[38;2;106;180;213m██[38;2;106;180;213m██[38;2;106;180;213m██[38;2;106;180;213m██[38;2;57;106;139m██[38;2;90;131;172m██[38;2;189;238;255m██[38;2;189;238;255m██[38;2;189;238;255m██[38;2;0;0;0m██  
                  [38;2;0;0;0m██[38;2;90;131;172m██[38;2;156;205;255m██[38;2;0;0;0m██            [38;2;41;57;123m██[38;2;57;106;139m██[38;2;90;131;172m██[38;2;90;131;172m██[38;2;106;180;213m██[38;2;106;180;213m██[38;2;106;180;213m██[38;2;106;180;213m██[38;2;57;106;139m██[38;2;90;131;172m██[38;2;90;131;172m██[38;2;90;131;172m██[38;2;90;131;172m██[38;2;90;131;172m██[38;2;90;131;172m██[38;2;90;131;172m██[38;2;90;131;172m██[38;2;90;131;172m██[38;2;90;131;172m██[38;2;90;131;172m██[38;2;90;131;172m██[38;2;90;131;172m██[38;2;90;131;172m██[38;2;90;131;172m██[38;2;90;131;172m██[38;2;90;131;172m██[38;2;90;131;172m██[38;2;90;131;172m██[38;2;41;57;123m██[38;2;57;106;139m██[38;2;90;131;172m██[38;2;90;131;172m██[38;2;41;57;123m██      [38;2;0;0;0m██[38;2;0;0;0m██[38;2;90;131;172m██[38;2;90;131;172m██[38;2;90;131;172m██[38;2;90;131;172m██[38;2;90;131;172m██[38;2;41;57;123m██[38;2;41;57;123m██[38;2;57;106;139m██[38;2;106;180;213m██[38;2;106;180;213m██[38;2;106;180;213m██[38;2;57;106;139m██[38;2;0;0;0m██[38;2;0;0;0m██[38;2;0;0;0m██[38;2;0;0;0m██    
                    [38;2;0;0;0m██[38;2;156;205;255m██[38;2;0;0;0m██          [38;2;57;106;139m██[38;2;90;131;172m██[38;2;41;57;123m██[38;2;106;180;213m██[38;2;106;180;213m██[38;2;57;106;139m██[38;2;41;57;123m██[38;2;41;57;123m██[38;2;106;180;213m██[38;2;57;106;139m██[38;2;90;131;172m██[38;2;90;131;172m██[38;2;90;131;172m██[38;2;90;131;172m██[38;2;90;131;172m██[38;2;90;131;172m██[38;2;90;131;172m██[38;2;90;131;172m██[38;2;90;131;172m██[38;2;90;131;172m██[38;2;90;131;172m██[38;2;90;131;172m██[38;2;90;131;172m██[38;2;90;131;172m██[38;2;90;131;172m██[38;2;57;106;139m██[38;2;41;57;123m██[38;2;41;57;123m██[38;2;41;57;123m██[38;2;57;106;139m██[38;2;90;131;172m██[38;2;90;131;172m██[38;2;90;131;172m██[38;2;41;57;123m██[38;2;41;57;123m██        [38;2;0;0;0m██[38;2;0;0;0m██[38;2;57;106;139m██[38;2;90;131;172m██[38;2;90;131;172m██[38;2;90;131;172m██[38;2;90;131;172m██[38;2;90;131;172m██[38;2;41;57;123m██[38;2;41;57;123m██[38;2;57;106;139m██[38;2;41;57;123m██[38;2;0;0;0m██          
                      [38;2;0;0;0m██          [38;2;41;57;123m██[38;2;90;131;172m██[38;2;90;131;172m██[38;2;0;0;0m██[38;2;106;180;213m██[38;2;106;180;213m██[38;2;106;180;213m██[38;2;106;180;213m██[38;2;90;131;172m██[38;2;90;131;172m██[38;2;41;57;123m██[38;2;57;106;139m██[38;2;90;131;172m██[38;2;90;131;172m██[38;2;90;131;172m██[38;2;90;131;172m██[38;2;90;131;172m██[38;2;90;131;172m██[38;2;90;131;172m██[38;2;90;131;172m██[38;2;90;131;172m██[38;2;57;106;139m██[38;2;41;57;123m██[38;2;41;57;123m██[38;2;41;57;123m██[38;2;41;57;123m██[38;2;57;106;139m██[38;2;90;131;172m██[38;2;90;131;172m██[38;2;57;106;139m██[38;2;90;131;172m██[38;2;90;131;172m██[38;2;90;131;172m██[38;2;41;57;123m██[38;2;41;57;123m██[38;2;57;106;139m██[38;2;41;57;123m██          [38;2;0;0;0m██[38;2;41;57;123m██[38;2;57;106;139m██[38;2;90;131;172m██[38;2;90;131;172m██[38;2;90;131;172m██[38;2;90;131;172m██[38;2;90;131;172m██[38;2;41;57;123m██[38;2;106;180;213m██[38;2;106;180;213m██[38;2;0;0;0m██        
                                  [38;2;41;57;123m██[38;2;57;106;139m██[38;2;90;131;172m██[38;2;90;131;172m██[38;2;0;0;0m██[38;2;0;0;0m██[38;2;106;180;213m██[38;2;106;180;213m██[38;2;106;180;213m██[38;2;106;180;213m██[38;2;106;180;213m██[38;2;57;106;139m██[38;2;57;106;139m██[38;2;41;57;123m██[38;2;41;57;123m██[38;2;41;57;123m██[38;2;41;57;123m██[38;2;41;57;123m██[38;2;41;57;123m██[38;2;41;57;123m██[38;2;41;57;123m██[38;2;57;106;139m██[38;2;90;131;172m██[38;2;90;131;172m██[38;2;90;131;172m██[38;2;90;131;172m██[38;2;90;131;172m██[38;2;90;131;172m██[38;2;90;131;172m██[38;2;41;57;123m██[38;2;90;131;172m██[38;2;41;57;123m██[38;2;41;57;123m██[38;2;57;106;139m██[38;2;57;106;139m██[38;2;57;106;139m██[38;2;41;57;123m██[38;2;41;57;123m██        [38;2;0;0;0m██[38;2;90;131;172m██[38;2;57;106;139m██[38;2;41;57;123m██[38;2;41;57;123m██[38;2;0;0;0m██[38;2;0;0;0m██[38;2;41;57;123m██[38;2;189;238;255m██[38;2;189;238;255m██[38;2;106;180;213m██[38;2;41;57;123m██[38;2;41;57;123m██      
                                  [38;2;41;57;123m██[38;2;189;238;255m██[38;2;57;106;139m██[38;2;90;131;172m██[38;2;90;131;172m██[38;2;90;131;172m██[38;2;0;0;0m██[38;2;0;0;0m██[38;2;106;180;213m██[38;2;106;180;213m██[38;2;106;180;213m██[38;2;106;180;213m██[38;2;41;57;123m██[38;2;90;131;172m██[38;2;90;131;172m██[38;2;90;131;172m██[38;2;90;131;172m██[38;2;90;131;172m██[38;2;90;131;172m██[38;2;90;131;172m██[38;2;90;131;172m██[38;2;90;131;172m██[38;2;90;131;172m██[38;2;90;131;172m██[38;2;90;131;172m██[38;2;90;131;172m██[38;2;90;131;172m██[38;2;90;131;172m██[38;2;57;106;139m██[38;2;41;57;123m██[38;2;41;57;123m██[38;2;57;106;139m██[38;2;57;106;139m██[38;2;57;106;139m██[38;2;57;106;139m██[38;2;41;57;123m██[38;2;57;106;139m██[38;2;41;57;123m██        [38;2;0;0;0m██[38;2;90;131;172m██[38;2;90;131;172m██[38;2;90;131;172m██[38;2;0;0;0m██    [38;2;0;0;0m██[38;2;156;205;255m██[38;2;189;238;255m██[38;2;189;238;255m██[38;2;106;180;213m██[38;2;0;0;0m██      
                                  [38;2;41;57;123m██[38;2;189;238;255m██[38;2;189;238;255m██[38;2;57;106;139m██[38;2;57;106;139m██[38;2;57;106;139m██[38;2;90;131;172m██[38;2;90;131;172m██[38;2;41;57;123m██[38;2;41;57;123m██[38;2;106;180;213m██[38;2;106;180;213m██[38;2;41;57;123m██[38;2;90;131;172m██[38;2;90;131;172m██[38;2;90;131;172m██[38;2;90;131;172m██[38;2;90;131;172m██[38;2;90;131;172m██[38;2;90;131;172m██[38;2;90;131;172m██[38;2;90;131;172m██[38;2;90;131;172m██[38;2;41;57;123m██[38;2;41;57;123m██[38;2;41;57;123m██[38;2;41;57;123m██[38;2;41;57;123m██[38;2;41;57;123m██[38;2;41;57;123m██[38;2;57;106;139m██[38;2;57;106;139m██[38;2;57;106;139m██[38;2;41;57;123m██[38;2;41;57;123m██[38;2;41;57;123m██[38;2;57;106;139m██[38;2;41;57;123m██        [38;2;0;0;0m██[38;2;106;180;213m██[38;2;106;180;213m██[38;2;90;131;172m██[38;2;0;0;0m██      [38;2;0;0;0m██[38;2;156;205;255m██[38;2;189;238;255m██[38;2;189;238;255m██[38;2;0;0;0m██      
                                    [38;2;57;106;139m██[38;2;189;238;255m██[38;2;90;131;172m██[38;2;106;180;213m██[38;2;106;180;213m██[38;2;57;106;139m██[38;2;57;106;139m██[38;2;57;106;139m██[38;2;57;106;139m██[38;2;41;57;123m██[38;2;41;57;123m██[38;2;41;57;123m██[38;2;41;57;123m██[38;2;41;57;123m██[38;2;41;57;123m██[38;2;41;57;123m██[38;2;41;57;123m██[38;2;41;57;123m██[38;2;41;57;123m██[38;2;41;57;123m██[38;2;41;57;123m██[38;2;41;57;123m██[38;2;57;106;139m██[38;2;57;106;139m██[38;2;57;106;139m██[38;2;57;106;139m██[38;2;57;106;139m██[38;2;57;106;139m██[38;2;57;106;139m██[38;2;57;106;139m██[38;2;41;57;123m██[38;2;41;57;123m██[38;2;90;131;172m██[38;2;90;131;172m██[38;2;41;57;123m██[38;2;57;106;139m██[38;2;41;57;123m██        [38;2;0;0;0m██[38;2;106;180;213m██[38;2;106;180;213m██[38;2;106;180;213m██[38;2;0;0;0m██        [38;2;0;0;0m██[38;2;0;0;0m██[38;2;0;0;0m██[38;2;0;0;0m██      
                                    [38;2;0;0;0m██[38;2;189;238;255m██[38;2;90;131;172m██[38;2;156;205;255m██[38;2;156;205;255m██[38;2;156;205;255m██[38;2;156;205;255m██[38;2;156;205;255m██[38;2;156;205;255m██[38;2;156;205;255m██[38;2;106;180;213m██[38;2;57;106;139m██[38;2;90;131;172m██[38;2;90;131;172m██[38;2;57;106;139m██[38;2;0;0;0m██[38;2;90;131;172m██[38;2;90;131;172m██[38;2;90;131;172m██[38;2;90;131;172m██[38;2;41;57;123m██[38;2;41;57;123m██[38;2;41;57;123m██[38;2;41;57;123m██[38;2;41;57;123m██[38;2;41;57;123m██[38;2;41;57;123m██[38;2;41;57;123m██[38;2;41;57;123m██[38;2;41;57;123m██[38;2;90;131;172m██[38;2;90;131;172m██[38;2;90;131;172m██[38;2;90;131;172m██[38;2;41;57;123m██[38;2;57;106;139m██[38;2;41;57;123m██          [38;2;0;0;0m██[38;2;106;180;213m██[38;2;0;0;0m██                        
                                    [38;2;0;0;0m██[38;2;0;0;0m██[38;2;90;131;172m██[38;2;156;205;255m██[38;2;156;205;255m██[38;2;156;205;255m██[38;2;156;205;255m██[38;2;156;205;255m██[38;2;156;205;255m██[38;2;156;205;255m██[38;2;57;106;139m██[38;2;90;131;172m██[38;2;90;131;172m██[38;2;90;131;172m██[38;2;57;106;139m██[38;2;0;0;0m██[38;2;90;131;172m██[38;2;90;131;172m██[38;2;90;131;172m██[38;2;90;131;172m██[38;2;156;205;255m██[38;2;156;205;255m██[38;2;156;205;255m██[38;2;156;205;255m██[38;2;156;205;255m██[38;2;156;205;255m██[38;2;156;205;255m██[38;2;57;106;139m██[38;2;90;131;172m██[38;2;90;131;172m██[38;2;90;131;172m██[38;2;90;131;172m██[38;2;90;131;172m██[38;2;90;131;172m██[38;2;41;57;123m██[38;2;0;0;0m██              [38;2;0;0;0m██                          
                                        [38;2;0;0;0m██[38;2;0;0;0m██[38;2;0;0;0m██[38;2;41;57;123m██[38;2;106;180;213m██[38;2;156;205;255m██[38;2;156;205;255m██[38;2;156;205;255m██[38;2;57;106;139m██[38;2;90;131;172m██[38;2;90;131;172m██[38;2;41;57;123m██[38;2;41;57;123m██[38;2;41;57;123m██[38;2;0;0;0m██[38;2;90;131;172m██[38;2;90;131;172m██[38;2;90;131;172m██[38;2;156;205;255m██[38;2;156;205;255m██[38;2;156;205;255m██[38;2;156;205;255m██[38;2;156;205;255m██[38;2;156;205;255m██[38;2;156;205;255m██[38;2;57;106;139m██[38;2;90;131;172m██[38;2;90;131;172m██[38;2;90;131;172m██[38;2;90;131;172m██[38;2;90;131;172m██[38;2;0;0;0m██[38;2;0;0;0m██                                            
                                            [38;2;0;0;0m██[38;2;57;106;139m██[38;2;57;106;139m██[38;2;41;57;123m██[38;2;41;57;123m██[38;2;41;57;123m██[38;2;41;57;123m██[38;2;41;57;123m██[38;2;41;57;123m██[38;2;156;205;255m██[38;2;41;57;123m██    [38;2;0;0;0m██[38;2;0;0;0m██[38;2;90;131;172m██[38;2;156;205;255m██[38;2;156;205;255m██[38;2;156;205;255m██[38;2;156;205;255m██[38;2;156;205;255m██[38;2;156;205;255m██[38;2;156;205;255m██[38;2;57;106;139m██[38;2;90;131;172m██[38;2;90;131;172m██[38;2;90;131;172m██[38;2;0;0;0m██[38;2;0;0;0m██                                                
                                              [38;2;0;0;0m██[38;2;57;106;139m██[38;2;57;106;139m██[38;2;106;180;213m██[38;2;106;180;213m██[38;2;106;180;213m██[38;2;57;106;139m██[38;2;156;205;255m██[38;2;156;205;255m██[38;2;41;57;123m██        [38;2;0;0;0m██[38;2;0;0;0m██[38;2;0;0;0m██[38;2;0;0;0m██[38;2;0;0;0m██[38;2;0;0;0m██[38;2;0;0;0m██[38;2;0;0;0m██[38;2;0;0;0m██[38;2;41;57;123m██[38;2;41;57;123m██[38;2;57;106;139m██[38;2;156;205;255m██[38;2;41;57;123m██                                                
                                              [38;2;0;0;0m██[38;2;57;106;139m██[38;2;57;106;139m██[38;2;106;180;213m██[38;2;106;180;213m██[38;2;106;180;213m██[38;2;57;106;139m██[38;2;156;205;255m██[38;2;41;57;123m██              [38;2;0;0;0m██[38;2;57;106;139m██[38;2;57;106;139m██[38;2;90;131;172m██[38;2;106;180;213m██[38;2;106;180;213m██[38;2;106;180;213m██[38;2;106;180;213m██[38;2;106;180;213m██[38;2;156;205;255m██[38;2;156;205;255m██[38;2;41;57;123m██                                                
                                                [38;2;0;0;0m██[38;2;57;106;139m██[38;2;90;131;172m██[38;2;106;180;213m██[38;2;106;180;213m██[38;2;90;131;172m██[38;2;156;205;255m██[38;2;41;57;123m██                [38;2;0;0;0m██[38;2;57;106;139m██[38;2;57;106;139m██[38;2;106;180;213m██[38;2;106;180;213m██[38;2;106;180;213m██[38;2;106;180;213m██[38;2;90;131;172m██[38;2;156;205;255m██[38;2;41;57;123m██                                                  
                                                [38;2;0;0;0m██[38;2;57;106;139m██[38;2;57;106;139m██[38;2;106;180;213m██[38;2;90;131;172m██[38;2;156;205;255m██[38;2;41;57;123m██                  [38;2;0;0;0m██[38;2;57;106;139m██[38;2;57;106;139m██[38;2;90;131;172m██[38;2;106;180;213m██[38;2;106;180;213m██[38;2;106;180;213m██[38;2;156;205;255m██[38;2;156;205;255m██[38;2;41;57;123m██                                                  
                                                  [38;2;0;0;0m██[38;2;57;106;139m██[38;2;106;180;213m██[38;2;90;131;172m██[38;2;156;205;255m██[38;2;41;57;123m██                    [38;2;0;0;0m██[38;2;57;106;139m██[38;2;57;106;139m██[38;2;106;180;213m██[38;2;106;180;213m██[38;2;90;131;172m██[38;2;156;205;255m██[38;2;41;57;123m██                                                    
                                                    [38;2;0;0;0m██[38;2;90;131;172m██[38;2;156;205;255m██[38;2;41;57;123m██                      [38;2;0;0;0m██[38;2;57;106;139m██[38;2;57;106;139m██[38;2;106;180;213m██[38;2;106;180;213m██[38;2;156;205;255m██[38;2;156;205;255m██[38;2;41;57;123m██                                                    
                                                      [38;2;0;0;0m██[38;2;0;0;0m██                          [38;2;0;0;0m██[38;2;57;106;139m██[38;2;106;180;213m██[38;2;106;180;213m██[38;2;156;205;255m██[38;2;41;57;123m██                                                      
                                                                                    [38;2;0;0;0m██[38;2;57;106;139m██[38;2;90;131;172m██[38;2;156;205;255m██[38;2;156;205;255m██[38;2;41;57;123m██                                                      
                                                                                      [38;2;0;0;0m██[38;2;57;106;139m██[38;2;156;205;255m██[38;2;41;57;123m██                                                        
                                                                                        [38;2;0;0;0m██[38;2;0;0;0m██                                                          
[0mThese sprites are deprecated, please update pokeget as soon as possible.
