                        [38;2;20;60;100m██[38;2;20;60;100m██[38;2;20;60;100m██[38;2;20;60;100m██[38;2;20;60;100m██  
                      [38;2;0;0;16m██[38;2;123;163;203m██[38;2;123;163;203m██[38;2;123;163;203m██[38;2;175;215;255m██[38;2;175;215;255m██[38;2;20;60;100m██
                    [38;2;0;0;16m██[38;2;123;163;203m██[38;2;60;100;140m██[38;2;60;100;140m██[38;2;60;100;140m██[38;2;123;163;203m██[38;2;123;163;203m██[38;2;20;60;100m██
                  [38;2;0;0;16m██[38;2;123;163;203m██[38;2;60;100;140m██[38;2;20;60;100m██[38;2;0;0;16m██[38;2;0;0;16m██[38;2;0;0;16m██[38;2;0;0;16m██  
                [38;2;0;0;16m██[38;2;20;60;100m██[38;2;60;100;140m██[38;2;20;60;100m██[38;2;0;0;16m██          
              [38;2;0;0;16m██[38;2;20;60;100m██[38;2;20;60;100m██[38;2;20;60;100m██[38;2;0;0;16m██            
            [38;2;0;0;16m██[38;2;20;60;100m██[38;2;20;60;100m██[38;2;20;60;100m██[38;2;0;0;16m██              
          [38;2;0;0;16m██[38;2;20;60;100m██[38;2;20;60;100m██[38;2;20;60;100m██[38;2;0;0;16m██                
        [38;2;0;0;16m██[38;2;0;0;16m██[38;2;20;60;100m██[38;2;20;60;100m██[38;2;20;60;100m██[38;2;0;0;16m██[38;2;0;0;16m██[38;2;0;0;16m██            
      [38;2;0;0;16m██[38;2;20;60;100m██[38;2;20;60;100m██[38;2;20;60;100m██[38;2;20;60;100m██[38;2;20;60;100m██[38;2;20;60;100m██[38;2;20;60;100m██[38;2;20;60;100m██[38;2;0;0;16m██[38;2;0;0;16m██        
      [38;2;0;0;16m██[38;2;20;60;100m██[38;2;20;60;100m██[38;2;20;60;100m██[38;2;20;60;100m██[38;2;20;60;100m██[38;2;20;60;100m██[38;2;20;60;100m██[38;2;20;60;100m██[38;2;20;60;100m██[38;2;20;60;100m██[38;2;0;0;16m██      
    [38;2;0;0;16m██[38;2;20;60;100m██[38;2;60;100;140m██[38;2;123;163;203m██[38;2;123;163;203m██[38;2;60;100;140m██[38;2;20;60;100m██[38;2;20;60;100m██[38;2;20;60;100m██[38;2;20;60;100m██[38;2;20;60;100m██[38;2;20;60;100m██[38;2;20;60;100m██[38;2;0;0;16m██    
  [38;2;0;0;16m██[38;2;20;60;100m██[38;2;20;60;100m██[38;2;123;163;203m██[38;2;175;215;255m██[38;2;175;215;255m██[38;2;123;163;203m██[38;2;20;60;100m██[38;2;20;60;100m██[38;2;20;60;100m██[38;2;20;60;100m██[38;2;20;60;100m██[38;2;20;60;100m██[38;2;20;60;100m██[38;2;20;60;100m██[38;2;0;0;16m██  
  [38;2;0;0;16m██[38;2;20;60;100m██[38;2;20;60;100m██[38;2;123;163;203m██[38;2;175;215;255m██[38;2;175;215;255m██[38;2;123;163;203m██[38;2;20;60;100m██[38;2;20;60;100m██[38;2;20;60;100m██[38;2;20;60;100m██[38;2;20;60;100m██[38;2;20;60;100m██[38;2;20;60;100m██[38;2;20;60;100m██[38;2;0;0;16m██  
[38;2;0;0;16m██[38;2;20;60;100m██[38;2;20;60;100m██[38;2;20;60;100m██[38;2;60;100;140m██[38;2;123;163;203m██[38;2;123;163;203m██[38;2;60;100;140m██[38;2;20;60;100m██[38;2;20;60;100m██[38;2;20;60;100m██[38;2;20;60;100m██[38;2;20;60;100m██[38;2;20;60;100m██[38;2;20;60;100m██[38;2;20;60;100m██[38;2;20;60;100m██[38;2;0;0;16m██
[38;2;0;0;16m██[38;2;20;60;100m██[38;2;20;60;100m██[38;2;20;60;100m██[38;2;20;60;100m██[38;2;20;60;100m██[38;2;20;60;100m██[38;2;20;60;100m██[38;2;20;60;100m██[38;2;20;60;100m██[38;2;20;60;100m██[38;2;20;60;100m██[38;2;20;60;100m██[38;2;20;60;100m██[38;2;20;60;100m██[38;2;20;60;100m██[38;2;20;60;100m██[38;2;0;0;16m██
[38;2;0;0;16m██[38;2;20;60;100m██[38;2;20;60;100m██[38;2;20;60;100m██[38;2;20;60;100m██[38;2;20;60;100m██[38;2;20;60;100m██[38;2;20;60;100m██[38;2;20;60;100m██[38;2;20;60;100m██[38;2;20;60;100m██[38;2;20;60;100m██[38;2;20;60;100m██[38;2;20;60;100m██[38;2;20;60;100m██[38;2;20;60;100m██[38;2;20;60;100m██[38;2;0;0;16m██
[38;2;0;0;16m██[38;2;20;60;100m██[38;2;20;60;100m██[38;2;20;60;100m██[38;2;20;60;100m██[38;2;20;60;100m██[38;2;20;60;100m██[38;2;20;60;100m██[38;2;20;60;100m██[38;2;20;60;100m██[38;2;20;60;100m██[38;2;20;60;100m██[38;2;20;60;100m██[38;2;20;60;100m██[38;2;20;60;100m██[38;2;20;60;100m██[38;2;20;60;100m██[38;2;0;0;16m██
  [38;2;0;0;16m██[38;2;20;60;100m██[38;2;20;60;100m██[38;2;20;60;100m██[38;2;20;60;100m██[38;2;20;60;100m██[38;2;20;60;100m██[38;2;20;60;100m██[38;2;20;60;100m██[38;2;20;60;100m██[38;2;20;60;100m██[38;2;20;60;100m██[38;2;20;60;100m██[38;2;20;60;100m██[38;2;20;60;100m██[38;2;0;0;16m██  
  [38;2;0;0;16m██[38;2;20;60;100m██[38;2;20;60;100m██[38;2;20;60;100m██[38;2;20;60;100m██[38;2;20;60;100m██[38;2;20;60;100m██[38;2;20;60;100m██[38;2;20;60;100m██[38;2;20;60;100m██[38;2;20;60;100m██[38;2;20;60;100m██[38;2;20;60;100m██[38;2;20;60;100m██[38;2;20;60;100m██[38;2;0;0;16m██  
    [38;2;0;0;16m██[38;2;20;60;100m██[38;2;20;60;100m██[38;2;20;60;100m██[38;2;20;60;100m██[38;2;20;60;100m██[38;2;20;60;100m██[38;2;20;60;100m██[38;2;20;60;100m██[38;2;20;60;100m██[38;2;20;60;100m██[38;2;20;60;100m██[38;2;20;60;100m██[38;2;0;0;16m██    
      [38;2;0;0;16m██[38;2;20;60;100m██[38;2;20;60;100m██[38;2;20;60;100m██[38;2;20;60;100m██[38;2;20;60;100m██[38;2;20;60;100m██[38;2;20;60;100m██[38;2;20;60;100m██[38;2;20;60;100m██[38;2;20;60;100m██[38;2;0;0;16m██      
        [38;2;0;0;16m██[38;2;0;0;16m██[38;2;20;60;100m██[38;2;20;60;100m██[38;2;20;60;100m██[38;2;20;60;100m██[38;2;20;60;100m██[38;2;20;60;100m██[38;2;0;0;16m██[38;2;0;0;16m██[38;2;0;0;16m██      
            [38;2;0;0;16m██[38;2;0;0;16m██[38;2;0;0;16m██[38;2;0;0;16m██[38;2;20;60;100m██[38;2;0;0;16m██[38;2;0;0;16m██[38;2;0;0;16m██        
                [38;2;0;0;16m██[38;2;20;60;100m██[38;2;20;60;100m██[38;2;20;60;100m██[38;2;0;0;16m██          
              [38;2;0;0;16m██[38;2;20;60;100m██[38;2;20;60;100m██[38;2;20;60;100m██[38;2;0;0;16m██            
            [38;2;0;0;16m██[38;2;20;60;100m██[38;2;20;60;100m██[38;2;20;60;100m██[38;2;0;0;16m██              
          [38;2;0;0;16m██[38;2;123;163;203m██[38;2;60;100;140m██[38;2;20;60;100m██[38;2;0;0;16m██                
  [38;2;0;0;16m██[38;2;0;0;16m██[38;2;0;0;16m██[38;2;0;0;16m██[38;2;123;163;203m██[38;2;60;100;140m██[38;2;20;60;100m██[38;2;0;0;16m██                  
[38;2;0;0;16m██[38;2;60;100;140m██[38;2;123;163;203m██[38;2;123;163;203m██[38;2;123;163;203m██[38;2;60;100;140m██[38;2;20;60;100m██[38;2;0;0;16m██                    
[38;2;0;0;16m██[38;2;20;60;100m██[38;2;20;60;100m██[38;2;20;60;100m██[38;2;20;60;100m██[38;2;20;60;100m██[38;2;0;0;16m██                      
  [38;2;0;0;16m██[38;2;0;0;16m██[38;2;0;0;16m██[38;2;0;0;16m██[38;2;0;0;16m██                        
[0mThese sprites are deprecated, please update pokeget as soon as possible.
