      [38;2;64;64;64m██[38;2;64;64;64m██[38;2;64;64;64m██                      
    [38;2;64;64;64m██[38;2;248;176;160m██[38;2;248;176;160m██[38;2;248;176;160m██[38;2;64;64;64m██                    
  [38;2;64;64;64m██[38;2;240;144;40m██[38;2;240;144;40m██[38;2;248;176;160m██[38;2;96;96;88m██[38;2;248;176;160m██[38;2;64;64;64m██      [38;2;64;64;64m██[38;2;64;64;64m██[38;2;64;64;64m██      
  [38;2;64;64;64m██[38;2;240;144;40m██[38;2;240;144;40m██[38;2;240;144;40m██[38;2;96;96;88m██[38;2;248;176;160m██[38;2;96;96;88m██[38;2;64;64;64m██[38;2;64;64;64m██[38;2;64;64;64m██[38;2;248;176;160m██[38;2;248;176;160m██[38;2;248;176;160m██[38;2;64;64;64m██    
[38;2;64;64;64m██[38;2;240;144;40m██[38;2;240;144;40m██[38;2;240;144;40m██[38;2;96;96;88m██[38;2;248;176;160m██[38;2;232;112;152m██[38;2;248;176;160m██[38;2;248;176;160m██[38;2;64;64;64m██[38;2;240;144;40m██[38;2;240;144;40m██[38;2;240;144;40m██[38;2;248;176;160m██[38;2;248;176;160m██[38;2;64;64;64m██  
[38;2;64;64;64m██[38;2;240;144;40m██[38;2;240;144;40m██[38;2;64;64;64m██[38;2;96;96;88m██[38;2;232;112;152m██[38;2;248;176;160m██[38;2;248;176;160m██[38;2;248;176;160m██[38;2;64;64;64m██[38;2;240;144;40m██[38;2;240;144;40m██[38;2;240;144;40m██[38;2;240;144;40m██[38;2;248;176;160m██[38;2;64;64;64m██  
  [38;2;64;64;64m██[38;2;64;64;64m██[38;2;64;64;64m██[38;2;232;112;152m██[38;2;248;176;160m██[38;2;248;176;160m██[38;2;248;176;160m██[38;2;248;176;160m██[38;2;64;64;64m██[38;2;240;144;40m██[38;2;240;144;40m██[38;2;240;144;40m██[38;2;240;144;40m██[38;2;248;176;160m██[38;2;248;176;160m██[38;2;64;64;64m██
      [38;2;64;64;64m██[38;2;248;176;160m██[38;2;248;176;160m██[38;2;248;176;160m██[38;2;248;176;160m██[38;2;248;176;160m██[38;2;248;176;160m██[38;2;64;64;64m██[38;2;240;144;40m██[38;2;240;144;40m██[38;2;240;144;40m██[38;2;240;144;40m██[38;2;248;176;160m██[38;2;64;64;64m██
    [38;2;64;64;64m██[38;2;232;112;152m██[38;2;64;64;64m██[38;2;248;176;160m██[38;2;248;176;160m██[38;2;248;176;160m██[38;2;248;176;160m██[38;2;248;176;160m██[38;2;64;64;64m██[38;2;240;144;40m██[38;2;240;144;40m██[38;2;240;144;40m██[38;2;240;144;40m██[38;2;248;176;160m██[38;2;64;64;64m██
    [38;2;64;64;64m██[38;2;232;112;152m██[38;2;248;176;160m██[38;2;248;176;160m██[38;2;248;176;160m██[38;2;248;176;160m██[38;2;64;64;64m██[38;2;248;176;160m██[38;2;232;112;152m██[38;2;64;64;64m██[38;2;240;144;40m██[38;2;240;144;40m██[38;2;240;144;40m██[38;2;64;64;64m██  
    [38;2;64;64;64m██[38;2;232;112;152m██[38;2;232;112;152m██[38;2;96;96;88m██[38;2;96;96;88m██[38;2;248;176;160m██[38;2;248;176;160m██[38;2;232;112;152m██[38;2;232;112;152m██[38;2;232;112;152m██[38;2;64;64;64m██[38;2;64;64;64m██[38;2;64;64;64m██    
    [38;2;64;64;64m██[38;2;232;112;152m██[38;2;232;112;152m██[38;2;232;112;152m██[38;2;96;96;88m██[38;2;96;96;88m██[38;2;232;112;152m██[38;2;232;112;152m██[38;2;96;96;88m██[38;2;232;112;152m██[38;2;232;112;152m██[38;2;64;64;64m██      
      [38;2;96;96;88m██[38;2;232;112;152m██[38;2;232;112;152m██[38;2;232;112;152m██[38;2;232;112;152m██[38;2;232;112;152m██[38;2;96;96;88m██[38;2;232;112;152m██[38;2;232;112;152m██[38;2;96;96;88m██        
      [38;2;96;96;88m██[38;2;96;96;88m██[38;2;96;96;88m██[38;2;232;112;152m██[38;2;232;112;152m██[38;2;232;112;152m██[38;2;232;112;152m██[38;2;96;96;88m██[38;2;96;96;88m██[38;2;96;96;88m██        
            [38;2;96;96;88m██[38;2;96;96;88m██[38;2;96;96;88m██[38;2;96;96;88m██[38;2;240;144;40m██[38;2;240;144;40m██[38;2;96;96;88m██        
                  [38;2;96;96;88m██[38;2;96;96;88m██[38;2;96;96;88m██          
[0mThese sprites are deprecated, please update pokeget as soon as possible.
