                [38;2;64;64;64m██[38;2;64;64;64m██[38;2;64;64;64m██      
            [38;2;64;64;64m██[38;2;64;64;64m██[38;2;248;248;248m██[38;2;248;248;248m██[38;2;248;248;248m██[38;2;64;64;64m██[38;2;64;64;64m██  
          [38;2;64;64;64m██[38;2;248;248;248m██[38;2;248;248;248m██[38;2;248;248;248m██[38;2;248;248;248m██[38;2;248;248;248m██[38;2;160;192;248m██[38;2;160;192;248m██[38;2;64;64;64m██
      [38;2;64;64;64m██[38;2;64;64;64m██[38;2;128;128;112m██[38;2;128;128;112m██[38;2;160;192;248m██[38;2;160;192;248m██[38;2;248;248;248m██[38;2;160;192;248m██[38;2;248;248;248m██[38;2;64;64;64m██  
    [38;2;64;64;64m██[38;2;128;128;112m██[38;2;160;192;248m██[38;2;248;248;248m██[38;2;160;192;248m██[38;2;248;248;248m██[38;2;240;240;40m██[38;2;160;192;248m██[38;2;248;248;248m██[38;2;64;64;64m██    
  [38;2;64;64;64m██[38;2;248;248;248m██[38;2;248;248;248m██[38;2;248;248;248m██[38;2;160;192;248m██[38;2;248;248;248m██[38;2;240;240;40m██[38;2;240;240;40m██[38;2;160;192;248m██[38;2;248;248;248m██[38;2;64;64;64m██    
[38;2;64;64;64m██[38;2;248;248;248m██[38;2;248;248;248m██[38;2;248;248;248m██[38;2;248;248;248m██[38;2;248;248;248m██[38;2;184;160;64m██[38;2;248;248;248m██[38;2;248;248;248m██[38;2;128;128;112m██[38;2;64;64;64m██      
[38;2;64;64;64m██[38;2;248;248;248m██[38;2;248;248;248m██[38;2;248;248;248m██[38;2;128;128;112m██[38;2;240;240;40m██[38;2;160;192;248m██[38;2;248;248;248m██[38;2;128;128;112m██[38;2;64;64;64m██        
[38;2;208;96;64m██[38;2;208;96;64m██[38;2;248;248;248m██[38;2;248;248;248m██[38;2;64;64;64m██[38;2;248;248;248m██[38;2;160;192;248m██[38;2;64;64;64m██[38;2;64;64;64m██          
[38;2;64;64;64m██[38;2;208;96;64m██[38;2;208;96;64m██[38;2;160;192;248m██[38;2;160;192;248m██[38;2;64;64;64m██[38;2;64;64;64m██              
  [38;2;64;64;64m██[38;2;64;64;64m██[38;2;64;64;64m██[38;2;64;64;64m██                  
[0mThese sprites are deprecated, please update pokeget as soon as possible.
